Iteration,Function,Gradient,Alpha
1,1794744.7771913512,18945.94032747507,0.1
2,1.4877028189470138,1.7249364156090008,0.01
3,1.4580975328499681,1.7076870514529108,0.01
4,1.4290813919462537,1.6906101809383816,0.01
5,1.400642672246523,1.6737040791289977,0.01
6,1.3727698830688173,1.6569670383377078,0.01
7,1.3454517623957478,1.6403973679543307,0.01
8,1.3186772723240723,1.6239933942747873,0.01
9,1.2924355946048232,1.6077534603320394,0.01
10,1.2667161262721873,1.591675925728719,0.01
11,1.2415084753593708,1.5757591664714319,0.01
12,1.2168024566997193,1.5600015748067175,0.01
13,1.192588087811395,1.5444015590586504,0.01
14,1.1688555848639481,1.5289575434680638,0.01
15,1.1455953587251555,1.513667968033383,0.01
16,1.1227980110865248,1.4985312883530493,0.01
17,1.1004543306659031,1.4835459754695188,0.01
18,1.0785552894856516,1.4687105157148237,0.01
19,1.0570920392248873,1.4540234105576755,0.01
20,1.036055907644312,1.4394831764520988,0.01
21,1.0154383950821901,1.4250883446875777,0.01
22,0.9952311710200547,1.410837461240702,0.01
23,0.9754260707167555,1.3967290866282949,0.01
24,0.9560150919094921,1.382761795762012,0.01
25,0.936990391580493,1.3689341778043917,0.01
26,0.9183442827880411,1.3552448360263478,0.01
27,0.9000692315605593,1.3416923876660845,0.01
28,0.8821578538525042,1.3282754637894236,0.01
29,0.8646029125608394,1.3149927091515294,0.01
30,0.8473973146008789,1.3018427820600142,0.01
31,0.8305341080403216,1.2888243542394142,0.01
32,0.8140064792903192,1.2759361106970202,0.01
33,0.7978077503524418,1.2631767495900499,0.01
34,0.7819313761204283,1.2505449820941494,0.01
35,0.7663709417356316,1.2380395322732078,0.01
36,0.7511201599950924,1.2256591369504757,0.01
37,0.7361728688111902,1.213402545580971,0.01
38,0.7215230287218474,1.2012685201251612,0.01
39,0.7071647204502826,1.1892558349239095,0.01
40,0.693092142513322,1.1773632765746704,0.01
41,0.6792996088773068,1.1655896438089237,0.01
42,0.6657815466606484,1.1539337473708344,0.01
43,0.6525324938821015,1.1423944098971262,0.01
44,0.6395470972538478,1.130970465798155,0.01
45,0.6268201100184962,1.1196607611401734,0.01
46,0.614346389829128,1.1084641535287716,0.01
47,0.6021208966715285,1.097379511993484,0.01
48,0.590138690827765,1.086405716873549,0.01
49,0.5783949308802925,1.0755416597048135,0.01
50,0.5668848717557747,1.0647862431077655,0.01
51,0.5556038628078347,1.0541383806766877,0.01
52,0.5445473459379587,1.0435969968699208,0.01
53,0.5337108537537935,1.0331610269012217,0.01
54,0.5230900077640929,1.0228294166322094,0.01
55,0.5126805166095875,1.0126011224658873,0.01
56,0.5024781743290567,1.0024751112412285,0.01
57,0.4924788586599084,0.9924503601288162,0.01
58,0.48267852937257627,0.982525856527528,0.01
59,0.473073226638062,0.9727005979622527,0.01
60,0.4636590694279646,0.9629735919826302,0.01
61,0.4544322539463481,0.9533438560628039,0.01
62,0.44538905209281576,0.9438104175021759,0.01
63,0.4365258099561687,0.9343723133271541,0.01
64,0.4278389463380409,0.9250285901938825,0.01
65,0.41932495130591396,0.9157783042919437,0.01
66,0.4109803847749262,0.9066205212490243,0.01
67,0.4028018751179052,0.897554316036534,0.01
68,0.3947861178030589,0.8885787728761687,0.01
69,0.38692987405877804,0.879692985147407,0.01
70,0.3792299695650084,0.870896055295933,0.01
71,0.3716832931706647,0.8621870947429736,0.01
72,0.36428679563656846,0.8535652237955439,0.01
73,0.3570374884034007,0.8450295715575884,0.01
74,0.34993244238417304,0.8365792758420125,0.01
75,0.342968786780728,0.8282134830835924,0.01
76,0.3361437079237915,0.8199313482527565,0.01
77,0.3294544481361081,0.8117320347702289,0.01
78,0.3228983046181995,0.8036147144225266,0.01
79,0.3164726283562973,0.7955785672783013,0.01
80,0.31017482305200705,0.7876227816055184,0.01
81,0.30400234407327204,0.7797465537894631,0.01
82,0.29795269742621394,0.7719490882515685,0.01
83,0.2920234387474323,0.7642295973690528,0.01
84,0.2862121723163584,0.7565873013953623,0.01
85,0.2805165500872629,0.7490214283814087,0.01
86,0.27493427074052634,0.7415312140975946,0.01
87,0.2694630787527899,0.7341159019566187,0.01
88,0.26410076348560935,0.7267747429370525,0.01
89,0.2588451582922457,0.7195069955076819,0.01
90,0.25369413964223003,0.7123119255526051,0.01
91,0.2486456262633497,0.7051888062970791,0.01
92,0.24369757830070907,0.6981369182341084,0.01
93,0.238847996492525,0.6911555490517673,0.01
94,0.23409492136232374,0.6842439935612497,0.01
95,0.22943643242721348,0.6774015536256371,0.01
96,0.22487064742191196,0.6706275380893808,0.01
97,0.22039572153821588,0.663921262708487,0.01
98,0.21600984667960535,0.6572820500814021,0.01
99,0.21171125073068123,0.6507092295805881,0.01
100,0.20749819684114065,0.6442021372847822,0.01
101,0.20336898272400197,0.6377601159119344,0.01
102,0.19932193996779435,0.631382514752815,0.01
103,0.19535543336243527,0.6250686896052869,0.01
104,0.1914678602385228,0.618818002709234,0.01
105,0.1876576498197762,0.6126298226821417,0.01
106,0.18392326258836264,0.6065035244553203,0.01
107,0.18026318966285426,0.6004384892107671,0.01
108,0.1766759521885635,0.5944341043186595,0.01
109,0.17316010074001104,0.5884897632754729,0.01
110,0.16971421473528486,0.5826048656427182,0.01
111,0.16633690186205266,0.576778816986291,0.01
112,0.16302679751499782,0.5710110288164281,0.01
113,0.15978256424444937,0.5653009185282638,0.01
114,0.1566028912159848,0.5596479093429811,0.01
115,0.1534864936807867,0.5540514302495513,0.01
116,0.15043211245653906,0.5485109159470558,0.01
117,0.14743851341865394,0.5430258067875853,0.01
118,0.14450448700162272,0.5375955487197094,0.01
119,0.14162884771029044,0.5322195932325123,0.01
120,0.13881043364085568,0.5268973973001873,0.01
121,0.13604810601140266,0.5216284233271854,0.01
122,0.13334074870177579,0.5164121390939136,0.01
123,0.13068726780261045,0.5112480177029745,0.01
124,0.1280865911733385,0.5061355375259448,0.01
125,0.12553766800898908,0.5010741821506853,0.01
126,0.12303946841561021,0.4960634403291785,0.01
127,0.12059098299413956,0.4911028059258867,0.01
128,0.11819122243255618,0.4861917778666278,0.01
129,0.1158392171061483,0.4813298600879615,0.01
130,0.11353401668573597,0.47651656148708194,0.01
131,0.11127468975368981,0.4717513958722111,0.01
132,0.1090603234275914,0.467033881913489,0.01
133,0.10689002299138232,0.4623635430943541,0.01
134,0.10476291153385384,0.4577399076634106,0.01
135,0.10267812959433013,0.4531625085867765,0.01
136,0.10063483481540297,0.44863088350090874,0.01
137,0.09863220160257645,0.4441445746658996,0.01
138,0.09666942079068518,0.4397031289192406,0.01
139,0.09474569931695054,0.43530609763004824,0.01
140,0.09286025990054322,0.43095303665374773,0.01
141,0.0910123407285224,0.42664350628721026,0.01
142,0.08920119514802481,0.42237707122433815,0.01
143,0.08742609136457911,0.41815330051209476,0.01
144,0.08568631214642398,0.4139717675069738,0.01
145,0.08398115453471013,0.409832049831904,0.01
146,0.0823099295594694,0.405733729333585,0.01
147,0.08067196196123595,0.40167639204024913,0.01
148,0.07906658991820735,0.3976596281198466,0.01
149,0.07749316477883503,0.39368303183864817,0.01
150,0.07595105079973621,0.3897462015202617,0.01
151,0.07443962488882146,0.38584873950505905,0.01
152,0.07295827635353391,0.3819902521100085,0.01
153,0.07150640665409859,0.3781703495889084,0.01
154,0.07008342916168203,0.3743886460930193,0.01
155,0.06868876892136455,0.3706447596320891,0.01
156,0.0673218624198294,0.3669383120357682,0.01
157,0.06598215735767479,0.3632689289154105,0.01
158,0.06466911242625706,0.3596362396262564,0.01
159,0.06338219708897455,0.35603987722999386,0.01
160,0.06212089136690395,0.3524794784576939,0.01
161,0.060884685628702556,0.34895468367311694,0.01
162,0.059673080384691365,0.34546513683638574,0.01
163,0.058485586085036,0.3420104854680219,0.01
164,0.05732172292194379,0.3385903806133417,0.01
165,0.056181020635797115,0.3352044768072083,0.01
166,0.05506301832514474,0.33185243203913617,0.01
167,0.053967264260474365,0.3285339077187448,0.01
168,0.05289331570169093,0.3252485686415574,0.01
169,0.051840738719227286,0.3219960829551418,0.01
170,0.05080910801871467,0.3187761221255904,0.01
171,0.04979800676914224,0.3155883609043345,0.01
172,0.04880702643443632,0.31243247729529117,0.01
173,0.04783576660839103,0.30930815252233823,0.01
174,0.04688383485288405,0.30621507099711487,0.01
175,0.04595084653931167,0.30315292028714375,0.01
176,0.04503642469317937,0.3001213910842723,0.01
177,0.0441401998417851,0.2971201771734296,0.01
178,0.04326180986493356,0.29414897540169527,0.01
179,0.04240089984862138,0.2912074856476783,0.01
180,0.041557121941633815,0.2882954107912015,0.01
181,0.04073013521499531,0.2854124566832895,0.01
182,0.03991960552421691,0.28255833211645665,0.01
183,0.039125205374284995,0.2797327487952921,0.01
184,0.038346613787336725,0.27693542130733917,0.01
185,0.03758351617296872,0.2741660670942658,0.01
186,0.036835604201126644,0.2714244064233231,0.01
187,0.03610257567752423,0.2687101623590899,0.01
188,0.03538413442154149,0.266023060735499,0.01
189,0.03467999014655281,0.263362830128144,0.01
190,0.03398985834263641,0.26072920182686254,0.01
191,0.033313460161617944,0.2581219098085939,0.01
192,0.03265052230440174,0.25554069071050795,0.01
193,0.03200077691054414,0.25298528380340285,0.01
194,0.03136396145002431,0.2504554309653688,0.01
195,0.030739818617168832,0.24795087665571514,0.01
196,0.030128096226687173,0.245471367889158,0.01
197,0.029528547111776098,0.24301665421026641,0.01
198,0.028940929024251758,0.24058648766816376,0.01
199,0.028365004536669142,0.2381806227914821,0.01
200,0.02780054094638943,0.2357988165635673,0.01
201,0.02724731018155628,0.23344082839793162,0.01
202,0.02670508870894331,0.2311064201139523,0.01
203,0.026173657443635336,0.22879535591281278,0.01
204,0.025652801660506996,0.22650740235368466,0.01
205,0.025142310907462908,0.22424232833014782,0.01
206,0.024641978920404393,0.22199990504684633,0.01
207,0.024151603539888346,0.21977990599637787,0.01
208,0.023670986629444567,0.21758210693641408,0.01
209,0.023199933995518618,0.21540628586704993,0.01
210,0.022738255309007797,0.21325222300837943,0.01
211,0.022285764028358544,0.21111970077829564,0.01
212,0.02184227732419421,0.2090085037705127,0.01
213,0.021407616005442744,0.20691841873280756,0.01
214,0.02098160444693443,0.20484923454547949,0.01
215,0.02056407051844044,0.2028007422000247,0.01
216,0.020154845515123476,0.20077273477802446,0.01
217,0.01975376408937252,0.19876500743024422,0.01
218,0.01936066418399401,0.1967773573559418,0.01
219,0.018975386966732528,0.19480958378238236,0.01
220,0.01859777676609455,0.19286148794455854,0.01
221,0.018227681008449265,0.19093287306511295,0.01
222,0.017864950156381124,0.1890235443344618,0.01
223,0.01750943764826914,0.18713330889111718,0.01
224,0.017160999839068585,0.18526197580220602,0.01
225,0.01681949594227112,0.18340935604418396,0.01
226,0.016484787973019922,0.18157526248374212,0.01
227,0.01615674069235683,0.1797595098589047,0.01
228,0.01583522155257893,0.17796191476031567,0.01
229,0.01552010064368261,0.1761822956127125,0.01
230,0.015211250640873326,0.1744204726565854,0.01
231,0.014908546753119945,0.17267626793001953,0.01
232,0.014611866672732858,0.17094950525071934,0.01
233,0.014321090525945475,0.16924001019821214,0.01
234,0.014036100824479158,0.16754761009623,0.01
235,0.013756782418072022,0.1658721339952677,0.01
236,0.01348302244795239,0.16421341265531503,0.01
237,0.013214710301238136,0.16257127852876188,0.01
238,0.012951737566243498,0.16094556574347427,0.01
239,0.012693997988675251,0.1593361100860395,0.01
240,0.012441387428700615,0.15774274898517912,0.01
241,0.012193803818869472,0.15616532149532733,0.01
242,0.01195114712287397,0.15460366828037406,0.01
243,0.011713319295128779,0.15305763159757033,0.01
244,0.011480224241155718,0.15152705528159463,0.01
245,0.011251767778756718,0.15001178472877869,0.01
246,0.01102785759995946,0.1485116668814909,0.01
247,0.010808403233720268,0.147026550212676,0.01
248,0.010593316009369235,0.14555628471054924,0.01
249,0.010382509020782787,0.14410072186344375,0.01
250,0.01017589709126921,0.1426597146448093,0.01
251,0.009973396739152951,0.1412331174983612,0.01
252,0.00977492614404381,0.1398207863233776,0.01
253,0.009580405113777337,0.13842257846014383,0.01
254,0.00938975505201317,0.1370383526755424,0.01
255,0.009202898926478109,0.13566796914878698,0.01
256,0.009019761237841194,0.13431128945729912,0.01
257,0.008840267989208157,0.13296817656272614,0.01
258,0.008664346656222914,0.13163849479709888,0.01
259,0.00849192615776408,0.1303221098491279,0.01
260,0.008322936827224573,0.1290188887506366,0.01
261,0.008157310384362803,0.12772869986313024,0.01
262,0.007994979907713983,0.12645141286449893,0.01
263,0.007835879807550477,0.12518689873585395,0.01
264,0.0076799457993802205,0.1239350297484954,0.01
265,0.007527114877972555,0.12269567945101045,0.01
266,0.007377325291900902,0.12146872265650036,0.01
267,0.007230516518592073,0.12025403542993535,0.01
268,0.007086629239872091,0.11905149507563599,0.01
269,0.006945605317998635,0.11786098012487962,0.01
270,0.006807387772170462,0.11668237032363082,0.01
271,0.006671920755504269,0.11551554662039451,0.01
272,0.006539149532469734,0.11436039115419057,0.01
273,0.0064090204567735865,0.11321678724264866,0.01
274,0.006281480949683793,0.11208461937022218,0.01
275,0.006156479478785086,0.11096377317651997,0.01
276,0.006033965537157263,0.10985413544475477,0.01
277,0.005913889622967833,0.10875559409030722,0.01
278,0.005796203219470774,0.10766803814940415,0.01
279,0.005680858775403305,0.10659135776791011,0.01
280,0.00556780968577278,0.10552544419023101,0.01
281,0.005457010273025901,0.1044701897483287,0.01
282,0.005348415768592686,0.1034254878508454,0.01
283,0.005241982294797691,0.10239123297233695,0.01
284,0.005137666847131216,0.10136732064261357,0.01
285,0.005035427276873305,0.10035364743618744,0.01
286,0.004935222274063527,0.09935011096182557,0.01
287,0.004837011350809663,0.09835660985220732,0.01
288,0.004740754824928551,0.09737304375368525,0.01
289,0.004646413803912473,0.0963993133161484,0.01
290,0.004553950169214616,0.09543532018298692,0.01
291,0.0044633265608472455,0.09448096698115706,0.01
292,0.004374506362286385,0.09353615731134549,0.01
293,0.004287453685676886,0.09260079573823203,0.01
294,0.004202133357331916,0.09167478778084971,0.01
295,0.00411851090352101,0.09075803990304121,0.01
296,0.004036552536540942,0.0898504595040108,0.01
297,0.003956225141063778,0.08895195490897069,0.01
298,0.003877496260756608,0.08806243535988098,0.01
299,0.0038003340851675512,0.08718181100628217,0.01
300,0.0037247074368727175,0.08630999289621935,0.01
301,0.0036505857588789506,0.08544689296725716,0.01
302,0.003577939102277259,0.08459242403758459,0.01
303,0.003506738114141942,0.08374649979720875,0.01
304,0.0034369540256705172,0.08290903479923666,0.01
305,0.0033685586405596745,0.0820799444512443,0.01
306,0.0033015243236125375,0.08125914500673186,0.01
307,0.003235823989572648,0.08044655355666454,0.01
308,0.0031714310921801517,0.07964208802109789,0.01
309,0.003108319613445767,0.07884566714088691,0.01
310,0.003046464053138196,0.07805721046947804,0.01
311,0.0029858394184807467,0.07727663836478327,0.01
312,0.00292642121405298,0.07650387198113544,0.01
313,0.0028681854318933254,0.07573883326132408,0.01
314,0.002811108541798648,0.07498144492871084,0.01
315,0.002755167481816855,0.07423163047942373,0.01
316,0.0027003396489286994,0.07348931417462949,0.01
317,0.0026466028899150185,0.0727544210328832,0.01
318,0.0025939354924057094,0.07202687682255436,0.01
319,0.0025423161761068355,0.07130660805432881,0.01
320,0.002491724084202309,0.07059354197378552,0.01
321,0.0024421387749266827,0.06988760655404766,0.01
322,0.002393540213305642,0.06918873048850718,0.01
323,0.002345908763060859,0.0684968431836221,0.01
324,0.0022992251786759475,0.06781187475178588,0.01
325,0.002253470597620296,0.06713375600426802,0.01
326,0.002208626532727652,0.06646241844422533,0.01
327,0.0021646748647263713,0.06579779425978308,0.01
328,0.002121597834918316,0.06513981631718524,0.01
329,0.0020793780380034418,0.06448841815401339,0.01
330,0.0020379984150471738,0.06384353397247326,0.01
331,0.0019974422465877354,0.06320509863274854,0.01
332,0.0019576931458806395,0.06257304764642105,0.01
333,0.0019187350522776145,0.061947317169956835,0.01
334,0.00188055222473729,0.06132784399825727,0.01
335,0.001843129235465018,0.060714565558274695,0.01
336,0.0018064509636792642,0.06010741990269195,0.01
337,0.0017705025895020468,0.05950634570366503,0.01
338,0.001735269587970956,0.05891128224662838,0.01
339,0.0017007377231703339,0.058322169424162094,0.01
340,0.001666893042479244,0.05773894772992047,0.01
341,0.0016337218709339071,0.057161558252621265,0.01
342,0.0016012108057023224,0.05658994267009505,0.01
343,0.0015693467106688464,0.056024043243394106,0.01
344,0.0015381167111265365,0.05546380281096017,0.01
345,0.0015075081885751185,0.054909164782850566,0.01
346,0.0014775087756224734,0.05436007313502206,0.01
347,0.0014481063509875862,0.053816472403671836,0.01
348,0.0014192890346029332,0.053278307679635116,0.01
349,0.001391045182814335,0.05274552460283877,0.01
350,0.0013633633836763295,0.05221806935681038,0.01
351,0.0013362324523411707,0.051695888663242276,0.01
352,0.0013096414265395813,0.05117892977660985,0.01
353,0.0012835795621514436,0.050667140478843756,0.01
354,0.00125803632886463,0.05016046907405532,0.01
355,0.001233001405920224,0.049658864383314766,0.01
356,0.0012084646779424114,0.04916227573948162,0.01
357,0.0011844162308513575,0.0486706529820868,0.01
358,0.0011608463478574153,0.04818394645226593,0.01
359,0.0011377455055350527,0.04770210698774327,0.01
360,0.001115104369974905,0.04722508591786584,0.01
361,0.0010929137930124045,0.04675283505868718,0.01
362,0.0010711648085314576,0.046285306708100306,0.01
363,0.0010498486288416818,0.045822453641019306,0.01
364,0.0010289566411277322,0.04536422910460911,0.01
365,0.0010084804039692903,0.04491058681356302,0.01
366,0.0009884116439303012,0.04446148094542739,0.01
367,0.0009687422522160882,0.04401686613597311,0.01
368,0.0009494642813969881,0.04357669747461338,0.01
369,0.000930569942197188,0.043140930499867246,0.01
370,0.0009120516003474639,0.04270952119486857,0.01
371,0.0008939017735005495,0.04228242598291989,0.01
372,0.0008761131282078884,0.04185960172309069,0.01
373,0.0008586784769565516,0.04144100570585978,0.01
374,0.0008415907752651161,0.041026595648801185,0.01
375,0.0008248431188373403,0.04061632969231317,0.01
376,0.0008084287407724771,0.04021016639539004,0.01
377,0.0007923410088311049,0.03980806473143614,0.01
378,0.0007765734227553658,0.039409984084121774,0.01
379,0.000761119611642534,0.039015884243280556,0.01
380,0.0007459733313708476,0.03862572540084775,0.01
381,0.0007311284620765678,0.038239468146839276,0.01
382,0.0007165790056812442,0.037857073465370886,0.01
383,0.0007023190834681875,0.03747850273071718,0.01
384,0.0006883429337071705,0.037103717703410005,0.01
385,0.0006746449093263978,0.036732680526375905,0.01
386,0.0006612194756308024,0.036365353721112145,0.01
387,0.0006480612080657495,0.036001700183901024,0.01
388,0.000635164790025241,0.03564168318206201,0.01
389,0.0006225250107037389,0.035285266350241394,0.01
390,0.0006101367629907345,0.03493241368673898,0.01
391,0.0005979950414072188,0.03458308954987159,0.01
392,0.0005860949400832152,0.034237258654372875,0.01
393,0.0005744316507755591,0.033894886067829144,0.01
394,0.0005630004609251255,0.03355593720715085,0.01
395,0.0005517967517527154,0.03322037783507934,0.01
396,0.0005408159963928362,0.032888174056728545,0.01
397,0.0005300537580646188,0.03255929231616126,0.01
398,0.0005195056882791331,0.03223369939299965,0.01
399,0.0005091675250823784,0.03191136239906966,0.01
400,0.0004990350913332391,0.03159224877507896,0.01
401,0.0004891042930157077,0.031276326287328175,0.01
402,0.0004793711175846951,0.030963563024454892,0.01
403,0.00046983163234475965,0.030653927394210342,0.01
404,0.00046048198286109893,0.03034738812026824,0.01
405,0.00045131839140216304,0.030043914239065557,0.01
406,0.00044233715541326006,0.029743475096674903,0.01
407,0.0004335346460205362,0.029446040345708153,0.01
408,0.0004249073065647275,0.029151579942251073,0.01
409,0.0004164516511640895,0.028860064142828563,0.01
410,0.0004081642633059241,0.028571463501400277,0.01
411,0.00040004179446613623,0.028285748866386275,0.01
412,0.0003920809627562601,0.02800289137772241,0.01
413,0.00038427855159741043,0.027722862463945185,0.01
414,0.00037663140842062197,0.027445633839305733,0.01
415,0.00036913644339305166,0.027171177500912677,0.01
416,0.0003617906281695299,0.02689946572590355,0.01
417,0.0003545909946689562,0.026630471068644513,0.01
418,0.00034753463387504396,0.026364166357958067,0.01
419,0.00034061869466093055,0.026100524694378485,0.01
420,0.000333840382637178,0.0258395194474347,0.01
421,0.00032719695902269814,0.02558112425296035,0.01
422,0.00032068573953814646,0.02532531301043075,0.01
423,0.00031430409332133737,0.02507205988032644,0.01
424,0.00030804944186424275,0.024821339281523178,0.01
425,0.00030191925797114433,0.024573125888707945,0.01
426,0.0002959110647375185,0.024327394629820864,0.01
427,0.0002900224345492419,0.024084120683522656,0.01
428,0.00028425098810171194,0.023843279476687428,0.01
429,0.0002785943934384879,0.023604846681920554,0.01
430,0.00027305036500906203,0.02336879821510135,0.01
431,0.00026761666274538167,0.023135110232950337,0.01
432,0.0002622910911567486,0.022903759130620833,0.01
433,0.0002570714984427293,0.022674721539314626,0.01
434,0.000251955775623719,0.02244797432392148,0.01
435,0.00024694185568880695,0.022223494580682263,0.01
436,0.00024202771276059967,0.02200125963487544,0.01
437,0.00023721136127666375,0.021781247038526685,0.01
438,0.00023249085518725816,0.02156343456814142,0.01
439,0.00022786428716903173,0.021347800222460005,0.01
440,0.00022332978785436804,0.021134322220235407,0.01
441,0.00021888552507606614,0.020922978998033054,0.01
442,0.00021452970312705244,0.020713749208052724,0.01
443,0.00021026056203482407,0.020506611715972196,0.01
444,0.00020607637685033105,0.020301545598812473,0.01
445,0.0002019754569510095,0.02009853014282435,0.01
446,0.00019795614535768439,0.019897544841396105,0.01
447,0.00019401681806506643,0.019698569392982142,0.01
448,0.00019015588338557163,0.019501583699052322,0.01
449,0.00018637178130619878,0.0193065678620618,0.01
450,0.00018266298285820543,0.019113502183441183,0.01
451,0.00017902798949932715,0.018922367161606772,0.01
452,0.00017546533250829057,0.018733143489990705,0.01
453,0.00017197357239137558,0.0185458120550908,0.01
454,0.0001685512983007872,0.01836035393453989,0.01
455,0.00016519712746460152,0.01817675039519449,0.01
456,0.00016190970462805595,0.017994982891242545,0.01
457,0.00015868770150595762,0.017815033062330118,0.01
458,0.00015552981624598905,0.017636882731706816,0.01
459,0.00015243477290269384,0.017460513904389748,0.01
460,0.00014940132092193027,0.017285908765345852,0.01
461,0.00014642823463558387,0.017113049677692393,0.01
462,0.00014351431276633575,0.01694191918091547,0.01
463,0.00014065837794228564,0.016772499989106314,0.01
464,0.00013785927622123417,0.01660477498921525,0.01
465,0.00013511587662443162,0.0164387272393231,0.01
466,0.00013242707067960544,0.01627433996692987,0.01
467,0.0001297917719730813,0.01611159656726057,0.01
468,0.000127208915710817,0.015950480601587966,0.01
469,0.00012467745828817175,0.015790975795572086,0.01
470,0.00012219637686823712,0.015633066037616366,0.01
471,0.00011976466896855922,0.015476735377240203,0.01
472,0.0001173813520560849,0.0153219680234678,0.01
473,0.00011504546315016882,0.015168748343233123,0.01
474,0.00011275605843348044,0.015017060859800792,0.01
475,0.00011051221287065417,0.014866890251202783,0.01
476,0.00010831301983452816,0.014718221348690755,0.01
477,0.00010615759073982104,0.014571039135203847,0.01
478,0.00010404505468409861,0.01442532874385181,0.01
479,0.00010197455809588505,0.014281075456413292,0.01
480,9.994526438977692e-05,0.014138264701849158,0.01
481,9.795635362842036e-05,0.013996882054830666,0.01
482,9.60070221912148e-05,0.01385691323428236,0.01
483,9.409648244960962e-05,0.013718344101939535,0.01
484,9.222396244886239e-05,0.01358116066092014,0.01
485,9.038870559613002e-05,0.013445349054310938,0.01
486,8.858997035476704e-05,0.013310895563767829,0.01
487,8.682702994470717e-05,0.01317778660813015,0.01
488,8.50991720488075e-05,0.013046008742048849,0.01
489,8.340569852503623e-05,0.01291554865462836,0.01
490,8.174592512438802e-05,0.012786393168082078,0.01
491,8.011918121441271e-05,0.012658529236401258,0.01
492,7.852480950824589e-05,0.012531943944037244,0.01
493,7.69621657990318e-05,0.012406624504596873,0.01
494,7.543061869963107e-05,0.012282558259550904,0.01
495,7.392954938750842e-05,0.012159732676955396,0.01
496,7.245835135469701e-05,0.012038135350185842,0.01
497,7.101643016273853e-05,0.011917753996683983,0.01
498,6.960320320250002e-05,0.011798576456717143,0.01
499,6.821809945877028e-05,0.011680590692149972,0.01
500,6.686055927954076e-05,0.011563784785228473,0.01
501,6.55300341498779e-05,0.011448146937376188,0.01
502,6.422598647029533e-05,0.011333665468002426,0.01
503,6.294788933953645e-05,0.011220328813322402,0.01
504,6.169522634167968e-05,0.011108125525189179,0.01
505,6.046749133748026e-05,0.010997044269937287,0.01
506,5.9264188259864404e-05,0.010887073827237914,0.01
507,5.8084830913493096e-05,0.010778203088965535,0.01
508,5.692894277831458e-05,0.010670421058075879,0.01
509,5.579605681702612e-05,0.01056371684749512,0.01
510,5.4685715286367296e-05,0.010458079679020169,0.01
511,5.3597469552168586e-05,0.010353498882229967,0.01
512,5.253087990808044e-05,0.010249963893407668,0.01
513,5.1485515397909646e-05,0.010147464254473592,0.01
514,5.046095364149125e-05,0.010045989611928857,0.01
515,4.945678066402557e-05,0.009945529715809568,0.01
516,4.847259072881147e-05,0.009846074418651473,0.01
517,4.750798617330812e-05,0.009747613674464958,0.01
518,4.656257724845929e-05,0.009650137537720309,0.01
519,4.563598196121494e-05,0.009553636162343105,0.01
520,4.472782592018677e-05,0.009458099800719674,0.01
521,4.3837742184375054e-05,0.009363518802712478,0.01
522,4.296537111490599e-05,0.009269883614685353,0.01
523,4.211036022971936e-05,0.009177184778538499,0.01
524,4.127236406114795e-05,0.009085412930753115,0.01
525,4.04510440163311e-05,0.008994558801445583,0.01
526,3.9646068240406116e-05,0.008904613213431127,0.01
527,3.885711148242203e-05,0.008815567081296816,0.01
528,3.808385496392183e-05,0.008727411410483847,0.01
529,3.732598625013978e-05,0.008640137296379009,0.01
530,3.6583199123762006e-05,0.008553735923415219,0.01
531,3.5855193461199136e-05,0.008468198564181066,0.01
532,3.514167511132127e-05,0.008383516578539255,0.01
533,3.444235577660597e-05,0.008299681412753862,0.01
534,3.375695289665152e-05,0.008216684598626324,0.01
535,3.308518953400815e-05,0.00813451775264006,0.01
536,3.24267942622814e-05,0.00805317257511366,0.01
537,3.1781501056462e-05,0.007972640849362524,0.01
538,3.1149049185438406e-05,0.0078929144408689,0.01
539,3.052918310664819e-05,0.007813985296460211,0.01
540,2.992165236282589e-05,0.007735845443495609,0.01
541,2.9326211480805653e-05,0.007658486989060653,0.01
542,2.8742619872337616e-05,0.007581902119170046,0.01
543,2.8170641736878098e-05,0.007506083097978345,0.01
544,2.7610045966314222e-05,0.007431022266998562,0.01
545,2.7060606051584567e-05,0.007356712044328576,0.01
546,2.6522099991158035e-05,0.00728314492388529,0.01
547,2.5994310201333996e-05,0.007210313474646438,0.01
548,2.5477023428327448e-05,0.0071382103398999735,0.01
549,2.4970030662103732e-05,0.007066828236500974,0.01
550,2.4473127051927865e-05,0.006996159954135964,0.01
551,2.3986111823594503e-05,0.006926198354594604,0.01
552,2.350878819830497e-05,0.006856936371048658,0.01
553,2.3040963313158703e-05,0.006788367007338172,0.01
554,2.2582448143226845e-05,0.00672048333726479,0.01
555,2.213305742517663e-05,0.006653278503892142,0.01
556,2.1692609582415614e-05,0.006586745718853221,0.01
557,2.1260926651725543e-05,0.006520878261664688,0.01
558,2.0837834211356206e-05,0.0064556694790480415,0.01
559,2.0423161310550215e-05,0.006391112784257561,0.01
560,2.0016740400470266e-05,0.006327201656414985,0.01
561,1.9618407266500906e-05,0.006263929639850835,0.01
562,1.9228000961897543e-05,0.006201290343452327,0.01
563,1.8845363742755778e-05,0.006139277440017804,0.01
564,1.847034100427494e-05,0.006077884665617626,0.01
565,1.8102781218289864e-05,0.006017105818961449,0.01
566,1.77425358720459e-05,0.005956934760771835,0.01
567,1.7389459408192185e-05,0.0058973654131641165,0.01
568,1.704340916596916e-05,0.005838391759032475,0.01
569,1.6704245323566374e-05,0.0057800078414421505,0.01
570,1.63718308416274e-05,0.005722207763027729,0.01
571,1.6046031407879016e-05,0.0056649856853974515,0.01
572,1.5726715382862223e-05,0.005608335828543477,0.01
573,1.5413753746743267e-05,0.005552252470258042,0.01
574,1.5107020047183075e-05,0.005496729945555462,0.01
575,1.4806390348244132e-05,0.005441762646099907,0.01
576,1.4511743180314076e-05,0.0053873450196389085,0.01
577,1.4222959491025825e-05,0.005333471569442519,0.01
578,1.3939922597154411e-05,0.005280136853748094,0.01
579,1.366251813747104e-05,0.0052273354852106135,0.01
580,1.3390634026535365e-05,0.005175062130358507,0.01
581,1.3124160409407313e-05,0.0051233115090549225,0.01
582,1.2862989617260107e-05,0.005072078393964373,0.01
583,1.260701612387663e-05,0.005021357610024729,0.01
584,1.2356136503011483e-05,0.0049711440339244815,0.01
585,1.2110249386601553e-05,0.004921432593585236,0.01
586,1.1869255423808182e-05,0.004872218267649384,0.01
587,1.1633057240874398e-05,0.00482349608497289,0.01
588,1.1401559401780997e-05,0.004775261124123161,0.01
589,1.1174668369685554e-05,0.004727508512881929,0.01
590,1.0952292469128812e-05,0.00468023342775311,0.01
591,1.0734341848993146e-05,0.004633431093475578,0.01
592,1.0520728446198184e-05,0.004587096782540823,0.01
593,1.031136595011884e-05,0.004541225814715414,0.01
594,1.0106169767711473e-05,0.00449581355656826,0.01
595,9.905056989334016e-06,0.0044508554210025775,0.01
596,9.70794635524627e-06,0.004406346866792552,0.01
597,9.514758222776871e-06,0.004362283398124627,0.01
598,9.325414534143612e-06,0.004318660564143381,0.01
599,9.139838784914155e-06,0.004275473958501947,0.01
600,8.957955993094362e-06,0.004232719218916927,0.01
601,8.779692668831786e-06,0.004190392026727758,0.01
602,8.604976784722033e-06,0.004148488106460481,0.01
603,8.433737746706065e-06,0.004107003225395876,0.01
604,8.265906365546614e-06,0.004065933193141917,0.01
605,8.101414828872236e-06,0.004025273861210498,0.01
606,7.940196673777679e-06,0.003985021122598393,0.01
607,7.782186759969503e-06,0.003945170911372409,0.01
608,7.62732124344611e-06,0.0039057192022586853,0.01
609,7.475537550701532e-06,0.0038666620102360983,0.01
610,7.326774353442572e-06,0.0038279953901337372,0.01
611,7.180971543809065e-06,0.0037897154362324,0.01
612,7.0380702100872644e-06,0.003751818281870076,0.01
613,6.898012612906529e-06,0.0037143000990513754,0.01
614,6.760742161909689e-06,0.003677157098060862,0.01
615,6.626203392887686e-06,0.003640385527080253,0.01
616,6.494341945369221e-06,0.0036039816718094505,0.01
617,6.365104540656374e-06,0.003567941855091356,0.01
618,6.238438960297312e-06,0.0035322624365404427,0.01
619,6.114294024987396e-06,0.0034969398121750383,0.01
620,5.992619573890146e-06,0.0034619704140532877,0.01
621,5.873366444369733e-06,0.003427350709912755,0.01
622,5.756486452126775e-06,0.0033930772028136274,0.01
623,5.641932371729452e-06,0.003359146430785491,0.01
624,5.529657917532035e-06,0.003325554966477636,0.01
625,5.419617724973148e-06,0.0032922994168128597,0.01
626,5.311767332246182e-06,0.003259376422644731,0.01
627,5.206063162334482e-06,0.0032267826584182835,0.01
628,5.102462505404026e-06,0.0031945148318341006,0.01
629,5.0009235015464865e-06,0.0031625696835157597,0.01
630,4.901405123865711e-06,0.003130943986680602,0.01
631,4.803867161900784e-06,0.003099634546813796,0.01
632,4.708270205378959e-06,0.0030686382013456583,0.01
633,4.614575628291917e-06,0.0030379518193322016,0.01
634,4.522745573288908e-06,0.0030075723011388795,0.01
635,4.432742936380458e-06,0.002977496578127491,0.01
636,4.344531351946487e-06,0.0029477216123462158,0.01
637,4.258075178042753e-06,0.002918244396222754,0.01
638,4.173339481999701e-06,0.002889061952260526,0.01
639,4.090290026307907e-06,0.002860171332737921,0.01
640,4.008893254784381e-06,0.002831569619410542,0.01
641,3.929116279014171e-06,0.0028032539232164364,0.01
642,3.850926865061789e-06,0.002775221383984272,0.01
643,3.774293420447059e-06,0.002747469170144429,0.01
644,3.6991849813801625e-06,0.0027199944784429848,0.01
645,3.625571200250697e-06,0.002692794533658555,0.01
646,3.5534223333657088e-06,0.0026658665883219695,0.01
647,3.482709228931731e-06,0.0026392079224387497,0.01
648,3.4134033152759892e-06,0.002612815843214362,0.01
649,3.3454765893019974e-06,0.0025866876847822186,0.01
650,3.278901605174888e-06,0.0025608208079343966,0.01
651,3.2136514632319075e-06,0.0025352125998550526,0.01
652,3.149699799113593e-06,0.0025098604738565023,0.01
653,3.0870207731112325e-06,0.002484761869117937,0.01
654,3.0255890597263194e-06,0.002459914250426758,0.01
655,2.9653798374377653e-06,0.0024353151079224904,0.01
656,2.9063687786727537e-06,0.0024109619568432653,0.01
657,2.8485320399771658e-06,0.0023868523372748327,0.01
658,2.7918462523816207e-06,0.0023629838139020845,0.01
659,2.7362885119592266e-06,0.002339353975763064,0.01
660,2.6818363705712385e-06,0.0023159604360054333,0.01
661,2.628467826796871e-06,0.002292800831645379,0.01
662,2.5761613170436135e-06,0.0022698728233289255,0.01
663,2.5248957068344452e-06,0.002247174095095636,0.01
664,2.4746502822684396e-06,0.0022247023541446796,0.01
665,2.4254047416512974e-06,0.0022024553306032326,0.01
666,2.3771391872924365e-06,0.0021804307772972003,0.01
667,2.3298341174653172e-06,0.0021586264695242284,0.01
668,2.2834704185277573e-06,0.002137040204828986,0.01
669,2.238029357199055e-06,0.0021156698027806962,0.01
670,2.1934925729907935e-06,0.002094513104752889,0.01
671,2.149842070788277e-06,0.0020735679737053604,0.01
672,2.1070602135795904e-06,0.002052832293968307,0.01
673,2.0651297153293567e-06,0.002032303971028624,0.01
674,2.0240336339943027e-06,0.0020119809313183376,0.01
675,1.9837553646778163e-06,0.0019918611220051544,0.01
676,1.944278632920728e-06,0.001971942510785103,0.01
677,1.9055874881256054e-06,0.0019522230856772519,0.01
678,1.8676662971119055e-06,0.0019327008548204792,0.01
679,1.8304997377993785e-06,0.0019133738462722744,0.01
680,1.7940727930171708e-06,0.0018942401078095516,0.01
681,1.7583707444361292e-06,0.001875297706731456,0.01
682,1.7233791666218502e-06,0.0018565447296641415,0.01
683,1.6890839212060751e-06,0.0018379792823675,0.01
684,1.6554711511740743e-06,0.001819599489543825,0.01
685,1.62252727526571e-06,0.0018014034946483867,0.01
686,1.5902389824879225e-06,0.0017833894597019029,0.01
687,1.558593226736413e-06,0.001765555565104884,0.01
688,1.5275772215243583e-06,0.001747900009453835,0.01
689,1.4971784348160232e-06,0.0017304210093592965,0.01
690,1.4673845839631845e-06,0.0017131167992657035,0.01
691,1.438183630742317e-06,0.0016959856312730465,0.01
692,1.4095637764905449e-06,0.001679025774960316,0.01
693,1.381513457338383e-06,0.0016622355172107128,0.01
694,1.3540213395373491e-06,0.0016456131620386056,0.01
695,1.3270763148805558e-06,0.0016291570304182196,0.01
696,1.3006674962144327e-06,0.0016128654601140374,0.01
697,1.2747842130397653e-06,0.001596736805512897,0.01
698,1.2494160072002742e-06,0.001580769437457768,0.01
699,1.2245526286569888e-06,0.0015649617430831904,0.01
700,1.2001840313467147e-06,0.0015493121256523585,0.01
701,1.176300369122915e-06,0.001533819004395835,0.01
702,1.152891991777369e-06,0.0015184808143518765,0.01
703,1.1299494411409993e-06,0.0015032960062083577,0.01
704,1.1074634472622935e-06,0.0014882630461462742,0.01
705,1.085424924661774e-06,0.0014733804156848115,0.01
706,1.0638249686610046e-06,0.0014586466115279633,0.01
707,1.0426548517846507e-06,0.0014440601454126837,0.01
708,1.021906020234136e-06,0.0014296195439585568,0.01
709,1.0015700904314767e-06,0.0014153233485189713,0.01
710,9.816388456318902e-07,0.0014011701150337815,0.01
711,9.621042326038157e-07,0.0013871584138834437,0.01
712,9.429583583749996e-07,0.0013732868297446092,0.01
713,9.241934870433371e-07,0.001359553961447163,0.01
714,9.058020366511748e-07,0.0013459584218326916,0.01
715,8.877765761218165e-07,0.0013324988376143647,0.01
716,8.701098222569924e-07,0.001319173849238221,0.01
717,8.527946367940784e-07,0.001305982110745839,0.01
718,8.358240235218762e-07,0.0012929222896383805,0.01
719,8.191911254537909e-07,0.0012799930667419968,0.01
720,8.028892220572604e-07,0.0012671931360745767,0.01
721,7.869117265383209e-07,0.001254521204713831,0.01
722,7.712521831802082e-07,0.0012419759926666925,0.01
723,7.559042647349219e-07,0.0012295562327400255,0.01
724,7.40861769866697e-07,0.0012172606704126253,0.01
725,7.261186206463497e-07,0.001205088063708499,0.01
726,7.116688600954873e-07,0.001193037183071414,0.01
727,6.975066497795872e-07,0.0011811068112407,0.01
728,6.836262674489734e-07,0.001169295743128293,0.01
729,6.700221047267389e-07,0.00115760278569701,0.01
730,6.566886648426767e-07,0.00114602675784004,0.01
731,6.436205604123075e-07,0.0011345664902616395,0.01
732,6.308125112601027e-07,0.0011232208253590232,0.01
733,6.182593422860265e-07,0.001111988617105433,0.01
734,6.059559813745347e-07,0.0011008687309343786,0.01
735,5.938974573451814e-07,0.0010898600436250348,0.01
736,5.820788979440124e-07,0.0010789614431887845,0.01
737,5.704955278749264e-07,0.0010681718287568966,0.01
738,5.591426668702153e-07,0.0010574901104693276,0.01
739,5.480157277994982e-07,0.0010469152093646344,0.01
740,5.371102148162881e-07,0.001036446057270988,0.01
741,5.26421721541444e-07,0.0010260815966982781,0.01
742,5.159459292827692e-07,0.0010158207807312953,0.01
743,5.056786052900421e-07,0.0010056625729239824,0.01
744,4.956156010447704e-07,0.0009956059471947427,0.01
745,4.857528505839793e-07,0.0009856498877227951,0.01
746,4.760863688573581e-07,0.0009757933888455672,0.01
747,4.6661225011709667e-07,0.0009660354549571114,0.01
748,4.573266663397664e-07,0.0009563751004075403,0.01
749,4.4822586567960505e-07,0.0009468113494034649,0.01
750,4.393061709525809e-07,0.0009373432359094302,0.01
751,4.305639781506245e-07,0.0009279698035503359,0.01
752,4.2199575498542706e-07,0.0009186901055148325,0.01
753,4.1359803946121704e-07,0.0009095032044596842,0.01
754,4.053674384759388e-07,0.0009004081724150873,0.01
755,3.9730062645026767e-07,0.0008914040906909365,0.01
756,3.893943439839074e-07,0.0008824900497840271,0.01
757,3.8164539653862757e-07,0.0008736651492861869,0.01
758,3.7405065314750886e-07,0.000864928497793325,0.01
759,3.666070451498734e-07,0.0008562792128153917,0.01
760,3.593115649513909e-07,0.0008477164206872377,0.01
761,3.521612648088582e-07,0.0008392392564803654,0.01
762,3.4515325563916195e-07,0.0008308468639155617,0.01
763,3.382847058519426e-07,0.000822538395276406,0.01
764,3.3155284020548893e-07,0.000814313011323642,0.01
765,3.249549386853997e-07,0.0008061698812104056,0.01
766,3.1848833540556026e-07,0.0007981081823983015,0.01
767,3.121504175309896e-07,0.0007901271005743185,0.01
768,3.059386242221229e-07,0.0007822258295685753,0.01
769,2.998504456001027e-07,0.0007744035712728896,0.01
770,2.938834217326607e-07,0.0007666595355601607,0.01
771,2.880351416401807e-07,0.0007589929402045591,0.01
772,2.823032423215411e-07,0.0007514030108025135,0.01
773,2.7668540779934244e-07,0.0007438889806944883,0.01
774,2.7117936818413555e-07,0.0007364500908875435,0.01
775,2.657828987572713e-07,0.0007290855899786681,0.01
776,2.6049381907200157e-07,0.0007217947340788814,0.01
777,2.5530999207246875e-07,0.0007145767867380926,0.01
778,2.502293232302266e-07,0.0007074310188707116,0.01
779,2.4524975969794507e-07,0.0007003567086820045,0.01
780,2.40369289479956e-07,0.0006933531415951845,0.01
781,2.355859406193049e-07,0.0006864196101792327,0.01
782,2.3089778040098074e-07,0.0006795554140774404,0.01
783,2.2630291457100123e-07,0.000672759859936666,0.01
784,2.217994865710383e-07,0.0006660322613372993,0.01
785,2.1738567678827464e-07,0.0006593719387239263,0.01
786,2.1305970182018796e-07,0.0006527782193366871,0.01
787,2.088198137539662e-07,0.0006462504371433201,0.01
788,2.0466429946026226e-07,0.0006397879327718869,0.01
789,2.0059147990100307e-07,0.0006333900534441681,0.01
790,1.965997094509731e-07,0.0006270561529097264,0.01
791,1.9268737523289872e-07,0.0006207855913806291,0.01
792,1.8885289646576407e-07,0.0006145777354668229,0.01
793,1.8509472382609538e-07,0.0006084319581121547,0.01
794,1.8141133882195613e-07,0.0006023476385310332,0.01
795,1.7780125317939923e-07,0.0005963241621457229,0.01
796,1.742630082411292e-07,0.0005903609205242657,0.01
797,1.7079517437713068e-07,0.000584457311319023,0.01
798,1.673963504070258e-07,0.0005786127382058328,0.01
799,1.6406516303392594e-07,0.0005728266108237744,0.01
800,1.6080026628955082e-07,0.0005670983447155366,0.01
801,1.5760034099038877e-07,0.0005614273612683813,0.01
802,1.5446409420468e-07,0.0005558130876556974,0.01
803,1.5139025873000684e-07,0.0005502549567791404,0.01
804,1.4837759258127968e-07,0.000544752407211349,0.01
805,1.454248784889122e-07,0.0005393048831392355,0.01
806,1.4253092340698282e-07,0.0005339118343078431,0.01
807,1.3969455803118388e-07,0.0005285727159647646,0.01
808,1.369146363263633e-07,0.000523286988805117,0.01
809,1.3419003506346866e-07,0.0005180541189170658,0.01
810,1.3151965336570562e-07,0.0005128735777278951,0.01
811,1.289024122637281e-07,0.0005077448419506162,0.01
812,1.263372542596799e-07,0.00050266739353111,0.01
813,1.2382314289991228e-07,0.0004976407195957989,0.01
814,1.2135906235620402e-07,0.0004926643123998409,0.01
815,1.1894401701531554e-07,0.00048773766927584245,0.01
816,1.1657703107671075e-07,0.000482860292583084,0.01
817,1.142571481582842e-07,0.00047803168965725314,0.01
818,1.1198343090993433e-07,0.0004732513727606806,0.01
819,1.0975496063482664e-07,0.0004685188590330738,0.01
820,1.0757083691819359e-07,0.0004638336704427431,0.01
821,1.0543017726352155e-07,0.00045919533373831565,0.01
822,1.0333211673597745e-07,0.00045460338040093247,0.01
823,1.0127580761293152e-07,0.00045005734659692316,0.01
824,9.926041904143418e-08,0.00044555677313095395,0.01
825,9.728513670250964e-08,0.0004411012053996444,0.01
826,9.53491624821297e-08,0.00043669019334564797,0.01
827,9.345171414873532e-08,0.0004323232914121915,0.01
828,9.159202503717548e-08,0.00042800005849806956,0.01
829,8.976934373893569e-08,0.00042372005791308886,0.01
830,8.798293379853088e-08,0.000419482857333958,0.01
831,8.623207341594012e-08,0.00041528802876061844,0.01
832,8.45160551549629e-08,0.00041113514847301223,0.01
833,8.283418565737916e-08,0.00040702379698828213,0.01
834,8.11857853627973e-08,0.0004029535590183993,0.01
835,7.957018823407763e-08,0.0003989240234282153,0.01
836,7.798674148821949e-08,0.00039493478319393315,0.01
837,7.643480533260391e-08,0.0003909854353619938,0.01
838,7.491375270648509e-08,0.00038707558100837386,0.01
839,7.342296902762605e-08,0.0003832048251982901,0.01
840,7.196185194397627e-08,0.0003793727769463072,0.01
841,7.052981109029116e-08,0.00037557904917684415,0.01
842,6.912626784959437e-08,0.0003718232586850757,0.01
843,6.775065511938744e-08,0.00036810502609822495,0.01
844,6.640241708251163e-08,0.0003644239758372427,0.01
845,6.508100898256966e-08,0.0003607797360788703,0.01
846,6.378589690381652e-08,0.0003571719387180816,0.01
847,6.251655755543058e-08,0.0003536002193309008,0.01
848,6.12724780600775e-08,0.0003500642171375918,0.01
849,6.005315574668197e-08,0.0003465635749662159,0.01
850,5.885809794732301e-08,0.00034309793921655376,0.01
851,5.768682179817129e-08,0.00033966695982438823,0.01
852,5.653885404438767e-08,0.00033627029022614434,0.01
853,5.541373084890436e-08,0.0003329075873238829,0.01
854,5.431099760501116e-08,0.00032957851145064406,0.01
855,5.323020875267143e-08,0.0003262827263361376,0.01
856,5.217092759849328e-08,0.00032301989907277626,0.01
857,5.113272613928326e-08,0.0003197897000820485,0.01
858,5.011518488911153e-08,0.000316591803081228,0.01
859,4.91178927098182e-08,0.0003134258850504157,0.01
860,4.814044664489282e-08,0.00031029162619991156,0.01
861,4.7182451756659455e-08,0.00030718870993791245,0.01
862,4.624352096670193e-08,0.0003041168228385333,0.01
863,4.532327489946456e-08,0.000301075654610148,0.01
864,4.442134172896521e-08,0.0002980648980640465,0.01
865,4.35373570285588e-08,0.000295084249083406,0.01
866,4.267096362369047e-08,0.0002921334065925719,0.01
867,4.182181144757904e-08,0.0002892120725266462,0.01
868,4.098955739977221e-08,0.00028631995180137973,0.01
869,4.017386520751674e-08,0.00028345675228336594,0.01
870,3.9374405289887165e-08,0.0002806221847605323,0.01
871,3.8590854624618405e-08,0.00027781596291292696,0.01
872,3.7822896617588504e-08,0.0002750378032837977,0.01
873,3.707022097489849e-08,0.00027228742525095973,0.01
874,3.6332523577498006e-08,0.0002695645509984501,0.01
875,3.56095063583058e-08,0.00026686890548846564,0.01
876,3.490087718177552e-08,0.000264200216433581,0.01
877,3.420634972585819e-08,0.0002615582142692452,0.01
878,3.3525643366313606e-08,0.0002589426321265527,0.01
879,3.285848306332397e-08,0.0002563532058052872,0.01
880,3.2204599250363825e-08,0.00025378967374723436,0.01
881,3.156372772528158e-08,0.000251251777009762,0.01
882,3.0935609543548485e-08,0.0002487392592396644,0.01
883,3.0319990913631865e-08,0.00024625186664726774,0.01
884,2.9716623094450592e-08,0.00024378934798079506,0.01
885,2.9125262294871027e-08,0.0002413514545009871,0.01
886,2.8545669575203094e-08,0.00023893793995597725,0.01
887,2.797761075065655e-08,0.00023654856055641747,0.01
888,2.742085629671849e-08,0.0002341830749508533,0.01
889,2.687518125641379e-08,0.00023184124420134477,0.01
890,2.6340365149411156e-08,0.00022952283175933132,0.01
891,2.5816191882937872e-08,0.000227227603441738,0.01
892,2.5302449664467408e-08,0.00022495532740732062,0.01
893,2.4798930916144503e-08,0.0002227057741332474,0.01
894,2.4305432190913226e-08,0.00022047871639191492,0.01
895,2.3821754090314052e-08,0.00021827392922799577,0.01
896,2.33477011839168e-08,0.0002160911899357158,0.01
897,2.288308193035686e-08,0.00021393027803635865,0.01
898,2.2427708599942753e-08,0.00021179097525599505,0.01
899,2.198139719880389e-08,0.0002096730655034351,0.01
900,2.1543967394547696e-08,0.00020757633484840075,0.01
901,2.1115242443396196e-08,0.00020550057149991673,0.01
902,2.069504911877261e-08,0.00020344556578491758,0.01
903,2.028321764130904e-08,0.0002014111101270684,0.01
904,1.987958161024699e-08,0.00019939699902579773,0.01
905,1.9483977936203077e-08,0.00019740302903553975,0.01
906,1.9096246775272634e-08,0.00019542899874518436,0.01
907,1.8716231464444713e-08,0.00019347470875773253,0.01
908,1.834377845830226e-08,0.0001915399616701552,0.01
909,1.7978737266982046e-08,0.00018962456205345364,0.01
910,1.7620960395369102e-08,0.0001877283164329191,0.01
911,1.727030328350126e-08,0.00018585103326858993,0.01
912,1.6926624248159586e-08,0.00018399252293590403,0.01
913,1.658978442562121e-08,0.000182152597706545,0.01
914,1.625964771555135e-08,0.00018033107172947955,0.01
915,1.593608072601188e-08,0.00017852776101218477,0.01
916,1.5618952719564243e-08,0.00017674248340206292,0.01
917,1.5308135560444915e-08,0.0001749750585680423,0.01
918,1.5003503662792065e-08,0.00017322530798236189,0.01
919,1.4704933939902502e-08,0.00017149305490253826,0.01
920,1.441230575449844e-08,0.00016977812435351288,0.01
921,1.4125500869983922e-08,0.00016808034310997774,0.01
922,1.3844403402671242e-08,0.00016639953967887797,0.01
923,1.3568899774958083e-08,0.00016473554428208918,0.01
924,1.3298878669436416e-08,0.00016308818883926829,0.01
925,1.3034230983914631e-08,0.0001614573069508756,0.01
926,1.2774849787334732e-08,0.00015984273388136686,0.01
927,1.252063027656677e-08,0.00015824430654255318,0.01
928,1.2271469734063093e-08,0.00015666186347712766,0.01
929,1.2027267486355237e-08,0.00015509524484235638,0.01
930,1.1787924863376769e-08,0.00015354429239393283,0.01
931,1.1553345158595572e-08,0.0001520088494699935,0.01
932,1.132343358993952e-08,0.00015048876097529358,0.01
933,1.1098097261499725e-08,0.00014898387336554063,0.01
934,1.0877245125995879e-08,0.00014749403463188522,0.01
935,1.066078794798856e-08,0.00014601909428556636,0.01
936,1.0448638267823588e-08,0.0001445589033427107,0.01
937,1.0240710366293898e-08,0.0001431133143092836,0.01
938,1.003692023000465e-08,0.00014168218116619076,0.01
939,9.83718551742756e-09,0.00014026535935452887,0.01
940,9.64142552563075e-09,0.00013886270576098358,0.01
941,9.449561157670699e-09,0.00013747407870337374,0.01
942,9.261514890633051e-09,0.00013609933791634,0.01
943,9.077210744309452e-09,0.0001347383445371766,0.01
944,8.896574250497694e-09,0.00013339096109180482,0.01
945,8.719532422912792e-09,0.0001320570514808868,0.01
946,8.546013727696828e-09,0.00013073648096607792,0.01
947,8.37594805451566e-09,0.00012942911615641714,0.01
948,8.209266688230798e-09,0.00012813482499485297,0.01
949,8.045902281135006e-09,0.00012685347674490445,0.01
950,7.88578882574042e-09,0.0001255849419774554,0.01
951,7.728861628108186e-09,0.00012432909255768085,0.01
952,7.575057281708831e-09,0.00012308580163210403,0.01
953,7.424313641802826e-09,0.000121854943615783,0.01
954,7.276569800330951e-09,0.00012063639417962517,0.01
955,7.131766061304364e-09,0.00011943003023782891,0.01
956,6.989843916684407e-09,0.00011823572993545062,0.01
957,6.850746022742387e-09,0.00011705337263609611,0.01
958,6.714416176889814e-09,0.00011588283890973515,0.01
959,6.5807992949697055e-09,0.0001147240105206378,0.01
960,6.449841388999808e-09,0.00011357677041543141,0.01
961,6.3214895453587125e-09,0.0001124410027112771,0.01
962,6.195691903406075e-09,0.00011131659268416434,0.01
963,6.072397634528294e-09,0.00011020342675732269,0.01
964,5.951556921601181e-09,0.00010910139248974947,0.01
965,5.833120938861317e-09,0.00010801037856485197,0.01
966,5.717041832177977e-09,0.00010693027477920345,0.01
967,5.603272699717636e-09,0.00010586097203141142,0.01
968,5.4917675729932545e-09,0.0001048023623110973,0.01
969,5.382481398290689e-09,0.00010375433868798633,0.01
970,5.275370018464703e-09,0.00010271679530110646,0.01
971,5.170390155097255e-09,0.0001016896273480954,0.01
972,5.067499391010821e-09,0.00010067273107461445,0.01
973,4.966656153129705e-09,9.96660037638683e-05,0.01
974,4.867819695682425e-09,9.866934372622962e-05,0.01
975,4.770950083738345e-09,9.768265028896733e-05,0.01
976,4.6760081770719515e-09,9.670582378607766e-05,0.01
977,4.58295561434822e-09,9.573876554821688e-05,0.01
978,4.49175479762269e-09,9.478137789273471e-05,0.01
979,4.402368877149999e-09,9.383356411380736e-05,0.01
980,4.314761736494713e-09,9.289522847266929e-05,0.01
981,4.228897977938469e-09,9.19662761879426e-05,0.01
982,4.144742908177493e-09,9.104661342606317e-05,0.01
983,4.062262524304761e-09,9.013614729180254e-05,0.01
984,3.9814235000710966e-09,8.923478581888451e-05,0.01
985,3.902193172419681e-09,8.834243796069567e-05,0.01
986,3.824539528288529e-09,8.74590135810887e-05,0.01
987,3.748431191675588e-09,8.658442344527782e-05,0.01
988,3.6738374109612443e-09,8.571857921082505e-05,0.01
989,3.600728046483115e-09,8.486139341871679e-05,0.01
990,3.529073558358101e-09,8.401277948452962e-05,0.01
991,3.458844994546774e-09,8.317265168968432e-05,0.01
992,3.390013979155293e-09,8.234092517278748e-05,0.01
993,3.322552700970103e-09,8.15175159210596e-05,0.01
994,3.256433902220798e-09,8.070234076184901e-05,0.01
995,3.1916308675666042e-09,7.989531735423052e-05,0.01
996,3.128117413302029e-09,7.909636418068821e-05,0.01
997,3.0658678767773188e-09,7.830540053888134e-05,0.01
998,3.0048571060294504e-09,7.752234653349253e-05,0.01
999,2.945060449619465e-09,7.674712306815761e-05,0.01
1000,2.8864537466720374e-09,7.597965183747603e-05,0.01
1001,2.829013317113264e-09,7.521985531910127e-05,0.01
1002,2.7727159521027095e-09,7.446765676591026e-05,0.01
1003,2.7175389046558657e-09,7.372298019825115e-05,0.01
1004,2.6634598804532136e-09,7.298575039626863e-05,0.01
1005,2.610457028832194e-09,7.225589289230594e-05,0.01
1006,2.558508933958434e-09,7.153333396338289e-05,0.01
1007,2.507594606172661e-09,7.081800062374906e-05,0.01
1008,2.457693473509825e-09,7.010982061751157e-05,0.01
1009,2.4087853733869793e-09,6.940872241133645e-05,0.01
1010,2.3608505444565783e-09,6.871463518722308e-05,0.01
1011,2.3138696186218922e-09,6.802748883535085e-05,0.01
1012,2.267823613211317e-09,6.734721394699734e-05,0.01
1013,2.2226939233084114e-09,6.667374180752737e-05,0.01
1014,2.178462314234574e-09,6.600700438945209e-05,0.01
1015,2.1351109141813056e-09,6.534693434555757e-05,0.01
1016,2.0926222069890976e-09,6.4693465002102e-05,0.01
1017,2.050979025070015e-09,6.404653035208098e-05,0.01
1018,2.0101645424711222e-09,6.340606504856018e-05,0.01
1019,1.9701622680759466e-09,6.277200439807457e-05,0.01
1020,1.9309560389412356e-09,6.214428435409383e-05,0.01
1021,1.892530013766305e-09,6.152284151055289e-05,0.01
1022,1.8548686664923554e-09,6.090761309544736e-05,0.01
1023,1.8179567800291576e-09,6.029853696449289e-05,0.01
1024,1.7817794401065775e-09,5.969555159484796e-05,0.01
1025,1.7463220292484563e-09,5.909859607889948e-05,0.01
1026,1.7115702208664124e-09,5.850761011811049e-05,0.01
1027,1.6775099734711708e-09,5.792253401692938e-05,0.01
1028,1.6441275249990943e-09,5.7343308676760086e-05,0.01
1029,1.6114093872516123e-09,5.676987558999248e-05,0.01
1030,1.579342340445305e-09,5.620217683409256e-05,0.01
1031,1.5479134278704434e-09,5.564015506575163e-05,0.01
1032,1.5171099506558214e-09,5.508375351509411e-05,0.01
1033,1.4869194626377708e-09,5.453291597994317e-05,0.01
1034,1.4573297653312793e-09,5.3987586820143744e-05,0.01
1035,1.4283289030011869e-09,5.344771095194231e-05,0.01
1036,1.3999051578314632e-09,5.291323384242288e-05,0.01
1037,1.372047045190617e-09,5.238410150399865e-05,0.01
1038,1.3447433089913237e-09,5.1860260488958665e-05,0.01
1039,1.3179829171423962e-09,5.1341657884069076e-05,0.01
1040,1.2917550570912624e-09,5.0828241305228385e-05,0.01
1041,1.2660491314551464e-09,5.03199588921761e-05,0.01
1042,1.2408547537391889e-09,4.981675930325434e-05,0.01
1043,1.2161617441397788e-09,4.931859171022179e-05,0.01
1044,1.1919601254313972e-09,4.882540579311957e-05,0.01
1045,1.1682401189353125e-09,4.833715173518838e-05,0.01
1046,1.1449921405684997e-09,4.7853780217836496e-05,0.01
1047,1.1222067969711866e-09,4.737524241565813e-05,0.01
1048,1.09987488171146e-09,4.6901489991501546e-05,0.01
1049,1.0779873715654019e-09,4.643247509158653e-05,0.01
1050,1.0565354228712504e-09,4.596815034067067e-05,0.01
1051,1.0355103679561125e-09,4.550846883726396e-05,0.01
1052,1.0149037116337856e-09,4.505338414889132e-05,0.01
1053,9.947071277722732e-10,4.46028503074024e-05,0.01
1054,9.749124559296052e-10,4.415682180432838e-05,0.01
1055,9.55511698056606e-10,4.37152535862851e-05,0.01
1056,9.364970152652798e-10,4.327810105042225e-05,0.01
1057,9.178607246615007e-10,4.284532003991803e-05,0.01
1058,8.995952962407368e-10,4.241686683951885e-05,0.01
1059,8.816933498455461e-10,4.199269817112366e-05,0.01
1060,8.641476521836196e-10,4.157277118941242e-05,0.01
1061,8.469511139051657e-10,4.11570434775183e-05,0.01
1062,8.30096786738453e-10,4.0745473042743116e-05,0.01
1063,8.135778606823578e-10,4.0338018312315686e-05,0.01
1064,7.973876612547788e-10,3.993463812919253e-05,0.01
1065,7.815196467958089e-10,3.9535291747900605e-05,0.01
1066,7.659674058245722e-10,3.91399388304216e-05,0.01
1067,7.507246544486632e-10,3.874853944211738e-05,0.01
1068,7.357852338251349e-10,3.836105404769621e-05,0.01
1069,7.211431076720148e-10,3.797744350721925e-05,0.01
1070,7.067923598293416e-10,3.759766907214706e-05,0.01
1071,6.927271918687377e-10,3.7221692381425585e-05,0.01
1072,6.789419207505499e-10,3.684947545761133e-05,0.01
1073,6.654309765276138e-10,3.6480980703035216e-05,0.01
1074,6.521889000947144e-10,3.6116170896004865e-05,0.01
1075,6.392103409828295e-10,3.5755009187044814e-05,0.01
1076,6.264900551972712e-10,3.5397459095174366e-05,0.01
1077,6.140229030988454e-10,3.504348450422262e-05,0.01
1078,6.018038473271785e-10,3.4693049659180395e-05,0.01
1079,5.898279507653676e-10,3.434611916258859e-05,0.01
1080,5.780903745451368e-10,3.4002657970962705e-05,0.01
1081,5.665863760916887e-10,3.366263139125308e-05,0.01
1082,5.553113072074642e-10,3.332600507734055e-05,0.01
1083,5.442606121940355e-10,3.2992745026567144e-05,0.01
1084,5.334298260113742e-10,3.266281757630147e-05,0.01
1085,5.228145724737478e-10,3.2336189400538456e-05,0.01
1086,5.124105624815201e-10,3.201282750653307e-05,0.01
1087,5.022135922881378e-10,3.169269923146774e-05,0.01
1088,4.922195418016039e-10,3.137577223915306e-05,0.01
1089,4.824243729197519e-10,3.1062014516761526e-05,0.01
1090,4.728241278986489e-10,3.075139437159391e-05,0.01
1091,4.634149277534657e-10,3.0443880427877972e-05,0.01
1092,4.5419297069117176e-10,3.013944162359919e-05,0.01
1093,4.451545305744174e-10,2.98380472073632e-05,0.01
1094,4.362959554159865e-10,2.9539666735289567e-05,0.01
1095,4.276136659032084e-10,2.9244270067936672e-05,0.01
1096,4.191041539517345e-10,2.8951827367257304e-05,0.01
1097,4.1076398128809494e-10,2.866230909358473e-05,0.01
1098,4.025897780604619e-10,2.8375686002648884e-05,0.01
1099,3.945782414770587e-10,2.8091929142622395e-05,0.01
1100,3.8672613447166523e-10,2.781100985119617e-05,0.01
1101,3.790302843956791e-10,2.753289975268421e-05,0.01
1102,3.7148758173620506e-10,2.7257570755157366e-05,0.01
1103,3.640949788596546e-10,2.6984995047605792e-05,0.01
1104,3.5684948878034743e-10,2.6715145097129733e-05,0.01
1105,3.497481839536185e-10,2.6447993646158436e-05,0.01
1106,3.427881950929415e-10,2.618351370969685e-05,0.01
1107,3.3596671001059195e-10,2.5921678572599882e-05,0.01
1108,3.292809724813811e-10,2.5662461786873883e-05,0.01
1109,3.227282811290017e-10,2.5405837169005144e-05,0.01
1110,3.1630598833453454e-10,2.5151778797315093e-05,0.01
1111,3.100114991666773e-10,2.4900261009341943e-05,0.01
1112,3.038422703332604e-10,2.4651258399248523e-05,0.01
1113,2.977958091536286e-10,2.440474581525604e-05,0.01
1114,2.9186967255147135e-10,2.4160698357103478e-05,0.01
1115,2.860614660676971e-10,2.3919091373532444e-05,0.01
1116,2.803688428929499e-10,2.367990045979712e-05,0.01
1117,2.7478950291938026e-10,2.344310145519915e-05,0.01
1118,2.6932119181128456e-10,2.3208670440647157e-05,0.01
1119,2.6396170009424e-10,2.2976583736240685e-05,0.01
1120,2.5870886226236464e-10,2.274681789887828e-05,0.01
1121,2.5356055590334357e-10,2.2519349719889497e-05,0.01
1122,2.485147008408671e-10,2.2294156222690603e-05,0.01
1123,2.435692582941338e-10,2.2071214660463696e-05,0.01
1124,2.3872223005408054e-10,2.185050251385906e-05,0.01
1125,2.339716576760043e-10,2.1631997488720468e-05,0.01
1126,2.293156216882518e-10,2.1415677513833262e-05,0.01
1127,2.2475224081665557e-10,2.1201520738694928e-05,0.01
1128,2.202796712244041e-10,2.098950553130798e-05,0.01
1129,2.1589610576703847e-10,2.07796104759949e-05,0.01
1130,2.1159977326227443e-10,2.057181437123495e-05,0.01
1131,2.0738893777435517e-10,2.03660962275226e-05,0.01
1132,2.0326189791264552e-10,2.0162435265247376e-05,0.01
1133,1.9921698614418385e-10,1.99608109125949e-05,0.01
1134,1.9525256811991454e-10,1.976120280346895e-05,0.01
1135,1.9136704201432826e-10,1.956359077543426e-05,0.01
1136,1.8755883787824316e-10,1.936795486767992e-05,0.01
1137,1.838264170044661e-10,1.917427531900312e-05,0.01
1138,1.8016827130607725e-10,1.898253256581309e-05,0.01
1139,1.7658292270708628e-10,1.879270724015496e-05,0.01
1140,1.7306892254521528e-10,1.860478016775341e-05,0.01
1141,1.696248509865655e-10,1.8418732366075874e-05,0.01
1142,1.6624931645193286e-10,1.8234545042415117e-05,0.01
1143,1.6294095505453938e-10,1.8052199591990965e-05,0.01
1144,1.5969843004895404e-10,1.7871677596071055e-05,0.01
1145,1.5652043129097987e-10,1.7692960820110346e-05,0.01
1146,1.5340567470828941e-10,1.7516031211909244e-05,0.01
1147,1.5035290178159442e-10,1.734087089979015e-05,0.01
1148,1.4736087903614068e-10,1.7167462190792248e-05,0.01
1149,1.4442839754332147e-10,1.6995787568884324e-05,0.01
1150,1.4155427243220937e-10,1.682582969319548e-05,0.01
1151,1.387373424108084e-10,1.6657571396263526e-05,0.01
1152,1.359764692968333e-10,1.649099568230089e-05,0.01
1153,1.332705375578263e-10,1.632608572547788e-05,0.01
1154,1.3061845386042556e-10,1.6162824868223102e-05,0.01
1155,1.280191466286031e-10,1.600119661954087e-05,0.01
1156,1.2547156561069393e-10,1.5841184653345463e-05,0.01
1157,1.2297468145504113e-10,1.568277280681201e-05,0.01
1158,1.205274852940858e-10,1.552594507874389e-05,0.01
1159,1.181289883367335e-10,1.537068562795645e-05,0.01
1160,1.157782214688325e-10,1.5216978771676886e-05,0.01
1161,1.1347423486160274e-10,1.5064808983960118e-05,0.01
1162,1.1121609758785686e-10,1.4914160894120518e-05,0.01
1163,1.0900289724585851e-10,1.4765019285179312e-05,0.01
1164,1.0683373959066593e-10,1.461736909232752e-05,0.01
1165,1.0470774817281168e-10,1.4471195401404244e-05,0.01
1166,1.0262406398417272e-10,1.4326483447390202e-05,0.01
1167,1.0058184511088767e-10,1.41832186129163e-05,0.01
1168,9.858026639318102e-11,1.4041386426787136e-05,0.01
1169,9.661851909195672e-11,1.3900972562519266e-05,0.01
1170,9.469581056202679e-11,1.3761962836894074e-05,0.01
1171,9.281136393184245e-11,1.3624343208525133e-05,0.01
1172,9.096441778959878e-11,1.348809977643988e-05,0.01
1173,8.915422587558576e-11,1.3353218778675481e-05,0.01
1174,8.738005678066161e-11,1.3219686590888727e-05,0.01
1175,8.564119365072643e-11,1.308748972497984e-05,0.01
1176,8.393693389707698e-11,1.2956614827730041e-05,0.01
1177,8.226658891252515e-11,1.2827048679452741e-05,0.01
1178,8.062948379316591e-11,1.2698778192658214e-05,0.01
1179,7.902495706568192e-11,1.2571790410731633e-05,0.01
1180,7.745236042007485e-11,1.2446072506624317e-05,0.01
1181,7.591105844771536e-11,1.2321611781558074e-05,0.01
1182,7.440042838460583e-11,1.2198395663742493e-05,0.01
1183,7.291985985975218e-11,1.2076411707105068e-05,0.01
1184,7.146875464854312e-11,1.1955647590034018e-05,0.01
1185,7.004652643103711e-11,1.1836091114133679e-05,0.01
1186,6.865260055505947e-11,1.1717730202992342e-05,0.01
1187,6.72864138040138e-11,1.160055290096242e-05,0.01
1188,6.594741416931394e-11,1.1484547371952796e-05,0.01
1189,6.46350606273446e-11,1.1369701898233268e-05,0.01
1190,6.334882292086044e-11,1.1256004879250936e-05,0.01
1191,6.208818134473531e-11,1.1143444830458426e-05,0.01
1192,6.085262653597507e-11,1.1032010382153842e-05,0.01
1193,5.964165926790916e-11,1.0921690278332303e-05,0.01
1194,5.845479024847777e-11,1.0812473375548979e-05,0.01
1195,5.729153992253306e-11,1.070434864179349e-05,0.01
1196,5.6151438278074655e-11,1.0597305155375554e-05,0.01
1197,5.5034024656340964e-11,1.0491332103821799e-05,0.01
1198,5.393884756567978e-11,1.038641878278358e-05,0.01
1199,5.286546449912275e-11,1.0282554594955745e-05,0.01
1200,5.181344175559022e-11,1.0179729049006188e-05,0.01
1201,5.078235426465397e-11,1.0077931758516126e-05,0.01
1202,4.9771785414787356e-11,9.977152440930965e-06,0.01
1203,4.878132688503308e-11,9.877380916521655e-06,0.01
1204,4.781057848002092e-11,9.778607107356438e-06,0.01
1205,4.68591479682685e-11,9.680821036282873e-06,0.01
1206,4.592665092369996e-11,9.584012825920044e-06,0.01
1207,4.5012710570318326e-11,9.488172697660844e-06,0.01
1208,4.4116957629968986e-11,9.393290970684234e-06,0.01
1209,4.32390301731326e-11,9.299358060977391e-06,0.01
1210,4.237857347268726e-11,9.206364480367618e-06,0.01
1211,4.153523986058078e-11,9.114300835563942e-06,0.01
1212,4.070868858735523e-11,9.023157827208303e-06,0.01
1213,3.9898585684466867e-11,8.93292624893622e-06,0.01
1214,3.910460382934597e-11,8.843596986446858e-06,0.01
1215,3.8326422213141975e-11,8.755161016582388e-06,0.01
1216,3.756372641110046e-11,8.667609406416565e-06,0.01
1217,3.6816208255519565e-11,8.5809333123524e-06,0.01
1218,3.608356571123472e-11,8.495123979228875e-06,0.01
1219,3.536550275358114e-11,8.410172739436586e-06,0.01
1220,3.466172924878488e-11,8.32607101204222e-06,0.01
1221,3.3971960836734065e-11,8.242810301921798e-06,0.01
1222,3.3295918816083054e-11,8.16038219890258e-06,0.01
1223,3.2633330031643e-11,8.078778376913554e-06,0.01
1224,3.19839267640133e-11,7.997990593144418e-06,0.01
1225,3.134744662140943e-11,7.918010687212973e-06,0.01
1226,3.072363243364338e-11,7.838830580340843e-06,0.01
1227,3.0112232148213876e-11,7.760442274537435e-06,0.01
1228,2.951299872846443e-11,7.682837851792061e-06,0.01
1229,2.892569005376798e-11,7.60600947327414e-06,0.01
1230,2.8350068821698e-11,7.529949378541399e-06,0.01
1231,2.7785902452146204e-11,7.454649884755984e-06,0.01
1232,2.72329629933485e-11,7.380103385908425e-06,0.01
1233,2.6691027029780863e-11,7.30630235204934e-06,0.01
1234,2.615987559188822e-11,7.233239328528847e-06,0.01
1235,2.5639294067609644e-11,7.160906935243558e-06,0.01
1236,2.5129072115664215e-11,7.089297865891123e-06,0.01
1237,2.4629003580562496e-11,7.018404887232212e-06,0.01
1238,2.41388864093093e-11,6.948220838359889e-06,0.01
1239,2.3658522569764047e-11,6.87873862997629e-06,0.01
1240,2.318771797062574e-11,6.809951243676527e-06,0.01
1241,2.272628238301029e-11,6.741851731239762e-06,0.01
1242,2.2274029363588386e-11,6.674433213927365e-06,0.01
1243,2.183077617925298e-11,6.607688881788091e-06,0.01
1244,2.1396343733285846e-11,6.541611992970211e-06,0.01
1245,2.0970556492993455e-11,6.476195873040508e-06,0.01
1246,2.0553242418782884e-11,6.411433914310103e-06,0.01
1247,2.014423289464911e-11,6.3473195751670024e-06,0.01
1248,1.974336266004559e-11,6.283846379415332e-06,0.01
1249,1.9350469743110682e-11,6.221007915621179e-06,0.01
1250,1.8965395395222775e-11,6.1587978364649665e-06,0.01
1251,1.858798402685784e-11,6.0972098581003165e-06,0.01
1252,1.8218083144723373e-11,6.0362377595193135e-06,0.01
1253,1.7855543290143377e-11,5.975875381924121e-06,0.01
1254,1.7500217978669523e-11,5.916116628104879e-06,0.01
1255,1.7151963640894e-11,5.85695546182383e-06,0.01
1256,1.681063956444021e-11,5.798385907205592e-06,0.01
1257,1.647610783710785e-11,5.740402048133536e-06,0.01
1258,1.6148233291149405e-11,5.682998027652201e-06,0.01
1259,1.582688344865553e-11,5.626168047375679e-06,0.01
1260,1.5511928468027284e-11,5.569906366901922e-06,0.01
1261,1.5203241091513537e-11,5.514207303232902e-06,0.01
1262,1.490069659379242e-11,5.459065230200573e-06,0.01
1263,1.4604172731575948e-11,5.404474577898567e-06,0.01
1264,1.4313549694217588e-11,5.350429832119582e-06,0.01
1265,1.402871005530266e-11,5.296925533798386e-06,0.01
1266,1.3749538725202136e-11,5.243956278460402e-06,0.01
1267,1.3475922904570614e-11,5.191516715675798e-06,0.01
1268,1.320775203876966e-11,5.139601548519041e-06,0.01
1269,1.2944917773198144e-11,5.08820553303385e-06,0.01
1270,1.2687313909511503e-11,5.037323477703512e-06,0.01
1271,1.2434836362712223e-11,4.986950242926477e-06,0.01
1272,1.2187383119094247e-11,4.9370807404972114e-06,0.01
1273,1.1944854195024271e-11,4.8877099330922395e-06,0.01
1274,1.1707151596543288e-11,4.838832833761317e-06,0.01
1275,1.1474179279772076e-11,4.7904445054237036e-06,0.01
1276,1.1245843112104612e-11,4.742540060369466e-06,0.01
1277,1.102205083417373e-11,4.695114659765772e-06,0.01
1278,1.0802712022573671e-11,4.648163513168114e-06,0.01
1279,1.0587738053324455e-11,4.601681878036433e-06,0.01
1280,1.0377042066063297e-11,4.555665059256068e-06,0.01
1281,1.0170538928948638e-11,4.510108408663507e-06,0.01
1282,9.968145204262558e-12,4.465007324576872e-06,0.01
1283,9.769779114697735e-12,4.420357251331104e-06,0.01
1284,9.575360510315252e-12,4.376153678817793e-06,0.01
1285,9.384810836159977e-12,4.332392142029615e-06,0.01
1286,9.198053100520394e-12,4.289068220609319e-06,0.01
1287,9.015011843820038e-12,4.2461775384032255e-06,0.01
1288,8.83561310812802e-12,4.2037157630191935e-06,0.01
1289,8.65978440727627e-12,4.161678605389001e-06,0.01
1290,8.487454697571472e-12,4.120061819335111e-06,0.01
1291,8.318554349089798e-12,4.07886120114176e-06,0.01
1292,8.153015117542912e-12,4.038072589130342e-06,0.01
1293,7.99077011670381e-12,3.997691863239039e-06,0.01
1294,7.831753791381405e-12,3.957714944606649e-06,0.01
1295,7.675901890932914e-12,3.918137795160582e-06,0.01
1296,7.523151443303348e-12,3.878956417208976e-06,0.01
1297,7.373440729581612e-12,3.840166853036887e-06,0.01
1298,7.226709259062938e-12,3.8017651845065177e-06,0.01
1299,7.082897744807585e-12,3.7637475326614524e-06,0.01
1300,6.941948079685914e-12,3.726110057334838e-06,0.01
1301,6.803803312900164e-12,3.6888489567614893e-06,0.01
1302,6.66840762697345e-12,3.651960467193874e-06,0.01
1303,6.5357063151966776e-12,3.6154408625219353e-06,0.01
1304,6.405645759524263e-12,3.5792864538967157e-06,0.01
1305,6.27817340890973e-12,3.5434935893577486e-06,0.01
1306,6.153237758072427e-12,3.5080586534641713e-06,0.01
1307,6.030788326686786e-12,3.4729780669295296e-06,0.01
1308,5.910775638985719e-12,3.4382482862602344e-06,0.01
1309,5.793151203769903e-12,3.403865803397632e-06,0.01
1310,5.6778674948148814e-12,3.3698271453636554e-06,0.01
1311,5.564877931668066e-12,3.336128873910019e-06,0.01
1312,5.45413686082787e-12,3.3027675851709185e-06,0.01
1313,5.345599537297396e-12,3.2697399093192095e-06,0.01
1314,5.239222106505178e-12,3.2370425102260175e-06,0.01
1315,5.134961586585725e-12,3.2046720851237573e-06,0.01
1316,5.032775851012669e-12,3.1726253642725197e-06,0.01
1317,4.932623611577517e-12,3.1408991106297946e-06,0.01
1318,4.834464401707125e-12,3.1094901195234967e-06,0.01
1319,4.738258560113154e-12,3.078395218328262e-06,0.01
1320,4.6439672147669015e-12,3.0476112661449793e-06,0.01
1321,4.55155226719304e-12,3.0171351534835294e-06,0.01
1322,4.460976377075898e-12,2.986963801948694e-06,0.01
1323,4.372202947172088e-12,2.957094163929207e-06,0.01
1324,4.285196108523363e-12,2.927523222289915e-06,0.01
1325,4.199920705963749e-12,2.898247990067016e-06,0.01
1326,4.11634228391507e-12,2.8692655101663457e-06,0.01
1327,4.03442707246516e-12,2.8405728550646823e-06,0.01
1328,3.954141973723104e-12,2.8121671265140354e-06,0.01
1329,3.875454548446013e-12,2.784045455248895e-06,0.01
1330,3.798333002931937e-12,2.756205000696406e-06,0.01
1331,3.7227461761735915e-12,2.728642950689442e-06,0.01
1332,3.6486635272677366e-12,2.7013565211825473e-06,0.01
1333,3.576055123075109e-12,2.674342955970722e-06,0.01
1334,3.504891626125915e-12,2.6475995264110147e-06,0.01
1335,3.4351442827660085e-12,2.6211235311469044e-06,0.01
1336,3.3667849115389655e-12,2.5949122958354355e-06,0.01
1337,3.29978589179934e-12,2.568963172877081e-06,0.01
1338,3.234120152552533e-12,2.5432735411483103e-06,0.01
1339,3.1697611615167374e-12,2.517840805736827e-06,0.01
1340,3.106682914402555e-12,2.492662397679459e-06,0.01
1341,3.0448599244059437e-12,2.4677357737026644e-06,0.01
1342,2.984267211910266e-12,2.443058415965638e-06,0.01
1343,2.924880294393251e-12,2.4186278318059814e-06,0.01
1344,2.8666751765348257e-12,2.3944415534879216e-06,0.01
1345,2.809628340521783e-12,2.3704971379530426e-06,0.01
1346,2.7537167365454e-12,2.3467921665735123e-06,0.01
1347,2.6989177734881464e-12,2.323324244907777e-06,0.01
1348,2.645209309795732e-12,2.3000910024586992e-06,0.01
1349,2.592569644530797e-12,2.2770900924341123e-06,0.01
1350,2.540977508604634e-12,2.254319191509771e-06,0.01
1351,2.4904120561834017e-12,2.2317759995946733e-06,0.01
1352,2.4408528562653516e-12,2.2094582395987265e-06,0.01
1353,2.3922798844256713e-12,2.1873636572027392e-06,0.01
1354,2.3446735147256005e-12,2.165490020630712e-06,0.01
1355,2.2980145117825606e-12,2.1438351204244046e-06,0.01
1356,2.2522840229980877e-12,2.1223967692201606e-06,0.01
1357,2.2074635709404254e-12,2.101172801527959e-06,0.01
1358,2.163535045878711e-12,2.080161073512679e-06,0.01
1359,2.1204806984657244e-12,2.0593594627775524e-06,0.01
1360,2.0782831325662563e-12,2.0387658681497767e-06,0.01
1361,2.0369252982281876e-12,2.018378209468279e-06,0.01
1362,1.996390484793447e-12,1.998194427373596e-06,0.01
1363,1.956662314146057e-12,1.97821248309986e-06,0.01
1364,1.9177247340945503e-12,1.9584303582688614e-06,0.01
1365,1.879562011886069e-12,1.938846054686173e-06,0.01
1366,1.8421587278495362e-12,1.919457594139311e-06,0.01
1367,1.8054997691653305e-12,1.900263018197918e-06,0.01
1368,1.7695703237589404e-12,1.8812603880159388e-06,0.01
1369,1.7343558743161375e-12,1.8624477841357794e-06,0.01
1370,1.6998421924172464e-12,1.8438233062944217e-06,0.01
1371,1.666015332788143e-12,1.8253850732314775e-06,0.01
1372,1.632861627665659e-12,1.8071312224991627e-06,0.01
1373,1.6003676812751123e-12,1.789059910274171e-06,0.01
1374,1.5685203644177377e-12,1.7711693111714293e-06,0.01
1375,1.5373068091658246e-12,1.753457618059715e-06,0.01
1376,1.5067144036634249e-12,1.735923041879118e-06,0.01
1377,1.4767307870305227e-12,1.7185638114603267e-06,0.01
1378,1.4473438443686151e-12,1.7013781733457233e-06,0.01
1379,1.4185417018656797e-12,1.6843643916122661e-06,0.01
1380,1.3903127219985526e-12,1.6675207476961435e-06,0.01
1381,1.3626454988307815e-12,1.650845540219182e-06,0.01
1382,1.335528853404049e-12,1.6343370848169902e-06,0.01
1383,1.3089518292213085e-12,1.6179937139688204e-06,0.01
1384,1.2829036878198045e-12,1.6018137768291322e-06,0.01
1385,1.2573739044321906e-12,1.585795639060841e-06,0.01
1386,1.2323521637339898e-12,1.5699376826702325e-06,0.01
1387,1.2078283556756836e-12,1.5542383058435303e-06,0.01
1388,1.1837925713977375e-12,1.538695922785095e-06,0.01
1389,1.1602350992269225e-12,1.523308963557244e-06,0.01
1390,1.1371464207523068e-12,1.5080758739216716e-06,0.01
1391,1.1145172069793358e-12,1.4929951151824548e-06,0.01
1392,1.0923383145604471e-12,1.4780651640306303e-06,0.01
1393,1.070600782100694e-12,1.463284512390324e-06,0.01
1394,1.0492958265368903e-12,1.4486516672664208e-06,0.01
1395,1.0284148395888062e-12,1.4341651505937565e-06,0.01
1396,1.0079493842809887e-12,1.4198234990878188e-06,0.01
1397,9.878911915337972e-13,1.4056252640969407e-06,0.01
1398,9.682321568222745e-13,1.3915690114559713e-06,0.01
1399,9.489643369015113e-13,1.3776533213414116e-06,0.01
1400,9.300799465971714e-13,1.3638767881279975e-06,0.01
1401,9.115713556598875e-13,1.3502380202467175e-06,0.01
1402,8.934310856822556e-13,1.3367356400442502e-06,0.01
1403,8.756518070771786e-13,1.3233682836438077e-06,0.01
1404,8.58226336116343e-13,1.3101346008073697e-06,0.01
1405,8.411476320276278e-13,1.297033254799296e-06,0.01
1406,8.244087941502781e-13,1.2840629222513031e-06,0.01
1407,8.080030591466876e-13,1.27122229302879e-06,0.01
1408,7.919237982696683e-13,1.258510070098502e-06,0.01
1409,7.761645146841019e-13,1.245924969397517e-06,0.01
1410,7.607188408418884e-13,1.233465719703542e-06,0.01
1411,7.455805359091347e-13,1.2211310625065065e-06,0.01
1412,7.307434832445431e-13,1.2089197518814415e-06,0.01
1413,7.162016879279766e-13,1.196830554362627e-06,0.01
1414,7.019492743382098e-13,1.1848622488190007e-06,0.01
1415,6.879804837788795e-13,1.1730136263308107e-06,0.01
1416,6.742896721516798e-13,1.1612834900675026e-06,0.01
1417,6.608713076758612e-13,1.1496706551668275e-06,0.01
1418,6.477199686531116e-13,1.1381739486151593e-06,0.01
1419,6.348303412769148e-13,1.1267922091290077e-06,0.01
1420,6.221972174855041e-13,1.1155242870377176e-06,0.01
1421,6.098154928575424e-13,1.1043690441673404e-06,0.01
1422,5.976801645496775e-13,1.093325353725667e-06,0.01
1423,5.857863292751389e-13,1.0823921001884103e-06,0.01
1424,5.741291813225637e-13,1.0715681791865263e-06,0.01
1425,5.627040106142447e-13,1.060852497394661e-06,0.01
1426,5.515062008030212e-13,1.0502439724207145e-06,0.01
1427,5.40531227407041e-13,1.0397415326965072e-06,0.01
1428,5.297746559816409e-13,1.0293441173695421e-06,0.01
1429,5.192321403276062e-13,1.0190506761958466e-06,0.01
1430,5.088994207350868e-13,1.0088601694338882e-06,0.01
1431,4.987723222624585e-13,9.987715677395493e-07,0.01
