Iteration,Function,Gradient,Alpha
1,44433.07884619831,7194.142183028524,0.001953125
2,34941.62873167962,6700.699980530981,0.001953125
3,29611.830581982107,6327.624981524249,0.001953125
4,25946.50505134245,6007.651111258896,0.001953125
5,23065.74713647847,5715.821058952337,0.001953125
6,20640.713636472203,5442.696471641457,0.001953125
7,18533.950222029045,5184.442200082956,0.001953125
8,16677.119497869353,4939.253778548829,0.001953125
9,15028.840550944866,4706.080932020864,0.001953125
10,13559.723829290155,4484.170280664121,0.001953125
11,12246.748839517557,4272.899399221033,0.001953125
12,11070.928693628559,4071.714842693602,0.001953125
13,10016.184941489388,3880.107646325354,0.001953125
14,9068.705572610359,3697.60261584163,0.001953125
15,8216.52135451599,3523.752894195981,0.001953125
16,7449.197149008777,3358.136688865306,0.001953125
17,6757.5933138103255,3200.354981047838,0.001953125
18,6133.674825209805,3050.029745071661,0.001953125
19,5570.355312752195,2906.802472200857,0.001953125
20,5061.367788610577,2770.3328982897074,0.001953125
21,4601.156369244232,2640.2978798272648,0.001953125
22,4184.784826097859,2516.390384348305,0.001953125
23,3807.858822555798,2398.318572598252,0.001953125
24,3466.459408111678,2285.8049565617716,0.001953125
25,3157.085858308229,2178.585621737703,0.001953125
26,2876.6063343033825,2076.409504903373,0.001953125
27,2622.2151287018105,1979.0377205933642,0.001953125
28,2391.395490628913,1886.2429309258107,0.001953125
29,2181.8872006079782,1797.808754429757,0.001953125
30,1991.6582069420222,1713.529210280679,0.001953125
31,1818.8797487430882,1633.2081949180417,0.001953125
32,1661.9044828178662,1556.6589884531668,0.001953125
33,1519.2472069627177,1483.7037886150924,0.001953125
34,1389.5678343234488,1414.173270252384,0.001953125
35,1271.656324978506,1347.9061686281764,0.001953125
36,1164.4193238449284,1284.7488849267818,0.001953125
37,1066.8682899741516,1224.5551125421612,0.001953125
38,978.1089325551692,1167.1854828479072,0.001953125
39,897.3317944777081,1112.507229259929,0.001953125
40,823.8038459349045,1060.39386850026,0.001953125
41,756.860968918153,1010.7248980559855,0.001953125
42,695.9012291111263,963.3855089031864,0.001953125
43,640.3788450645743,918.2663126336078,0.001953125
44,589.7987759907882,875.2630821826702,0.001953125
45,543.7118593567899,834.2765054124537,0.001953125
46,501.7104379279662,795.2119508531715,0.001953125
47,463.4244232271875,757.9792449520692,0.001953125
48,428.5177487025039,722.4924602201819,0.001953125
49,396.6851713852291,688.6697137054064,0.001953125
50,367.64938559224584,656.4329752552854,0.001953125
51,341.15841638498915,625.707885065094,0.001953125
52,316.98326412994845,596.4235800365465,0.001953125
53,294.91577468540964,568.5125284999561,0.001953125
54,274.76671252903736,541.9103728781971,0.001953125
55,256.3640165938365,516.5557798945239,0.001953125
56,239.55122074121388,492.39029794838245,0.001953125
57,224.18602270781776,469.35822130391426,0.001953125
58,210.13898705049408,447.40646075508585,0.001953125
59,197.29236910928662,426.48442044934416,0.001953125
60,185.53904833613558,406.54388056853804,0.001953125
61,174.781560517654,387.53888558163476,0.001953125
62,164.931219472044,369.42563779858574,0.001953125
63,155.90731973840957,352.16239596863414,0.001953125
64,147.63641261487913,335.7093786794695,0.001953125
65,140.0516486517685,320.0286723259898,0.001953125
66,133.09218037766237,305.084143429077,0.001953125
67,126.70261963864999,290.8413550957812,0.001953125
68,120.8325444717729,277.26748742268643,0.001953125
69,115.43605091983105,264.3312616540367,0.001953125
70,110.47134563201897,252.0028679154713,0.001953125
71,105.90037548867343,240.25389635299166,0.001953125
72,101.68849084334548,229.05727151508574,0.001953125
73,97.80413929554948,218.38718982379586,0.001953125
74,94.21858719651347,208.21905998796856,0.001953125
75,90.90566635126869,198.52944621898132,0.001953125
76,87.84154361632449,189.29601411593492,0.001953125
77,85.0045113055149,180.49747909364504,0.001953125
78,82.37479650963705,172.11355723278305,0.001953125
79,79.93438761024811,164.12491843722475,0.001953125
80,77.66687642624882,156.51314178907936,0.001953125
81,75.55731457527459,149.2606729970054,0.001953125
82,73.59208276188514,142.350783838293,0.001953125
83,71.75877182238774,135.76753349981112,0.001953125
84,70.04607446301462,129.4957317273017,0.001953125
85,68.44368672514916,123.52090369665733,0.001953125
86,66.9422182993008,117.82925652476054,0.001953125
87,65.53311088941453,112.40764734119684,0.001953125
88,64.20856390163475,107.2435528456966,0.001953125
89,62.96146679751283,102.32504027951619,0.001953125
90,61.78533751147991,97.64073974215111,0.001953125
91,60.674266386761914,93.17981778779006,0.001953125
92,59.6228651333033,88.9319522387806,0.001953125
93,58.626220356149524,84.88730815609216,0.001953125
94,57.67985124353292,81.03651490934296,0.001953125
95,56.7796710409887,77.37064429141357,0.001953125
96,55.92195197154085,73.88118962501333,0.001953125
97,55.103293292649035,70.56004581080954,0.001953125
98,54.320592208480214,67.39949026888569,0.001953125
99,53.57101738141497,64.39216472738114,0.001953125
100,52.85198480975065,61.53105781419362,0.001953125
101,52.16113585953079,58.80948840961863,0.001953125
102,51.496317257501246,56.22108971977369,0.001953125
103,50.855562869543384,53.75979403263167,0.001953125
104,50.23707710471694,51.41981812048771,0.001953125
105,49.63921979940522,49.19564925473276,0.001953125
106,49.06049244911901,47.08203180092449,0.001953125
107,48.49952566740369,45.07395436435831,0.001953125
108,47.955067762110204,43.16663745866684,0.001953125
109,47.425974329133524,41.355521672433895,0.001953125
110,46.91119877267954,39.636256311412936,0.001953125
111,46.40978366927272,38.004688496694534,0.001953125
112,45.92085290013533,36.456852702071224,0.001953125
113,45.44360448332129,34.98896071688576,0.001953125
114,44.977304043132314,33.59739202379038,0.001953125
115,44.521278859937865,32.278684584045784,0.001953125
116,44.07491244861124,31.029526026183134,0.001953125
117,43.6376396184283,29.846745236957833,0.001953125
118,43.20894197149395,28.72730435643649,0.001953125
119,42.788343800601034,27.668291181657953,0.001953125
120,42.375408350922406,26.66691198546221,0.001953125
121,41.96973441311881,25.72048475864644,0.001953125
122,41.570953218342375,24.82643288444558,0.001953125
123,41.17872560825322,23.982279254318264,0.001953125
124,40.79273945556735,23.185640833043493,0.001953125
125,40.412707312840865,22.4342236791314,0.001953125
126,40.03836426918535,21.725818423504833,0.001953125
127,39.66946599642202,21.058296205356694,0.001953125
128,39.30578696783203,20.429605059137565,0.001953125
129,38.9471188341631,19.837766740952475,0.001953125
130,38.593268942920346,19.280873976481544,0.001953125
131,38.244058988215414,18.757088106176877,0.001953125
132,38.239447662364746,41.0060267488722,0.00390625
133,37.84078229544938,39.25899640975998,0.001953125
134,37.45188126042057,37.59992433966401,0.001953125
135,37.07209808708857,36.024831874640526,0.001953125
136,36.70084263652366,34.5299221976841,0.001953125
137,36.3375760042455,33.1115707732403,0.001953125
138,35.98180588725595,31.766316165612665,0.001953125
139,35.63308237263822,30.490851230190636,0.001953125
140,35.29099410930083,29.282014669318915,0.001953125
141,34.95516482794952,28.136782947564544,0.001953125
142,34.62525017755434,27.052262564052075,0.001953125
143,34.30093484947374,26.025682682343454,0.001953125
144,33.9819299630264,25.05438812093769,0.001953125
145,33.66797068869267,24.135832709737358,0.001953125
146,33.358814087298235,23.267573019647212,0.001953125
147,33.05423714550707,22.447262473701493,0.001953125
148,32.754034989744206,21.672645848632058,0.001953125
149,32.45801926229887,20.941554175475417,0.001953125
150,32.16601664483986,20.25190004658519,0.001953125
151,31.87786751592132,19.601673334217836,0.001953125
152,31.593424730280617,18.988937322693843,0.001953125
153,31.312552508841506,18.411825252061934,0.001953125
154,31.035125429346575,17.868537266331362,0.001953125
155,30.76102750846114,17.357337753871168,0.001953125
156,30.49015136702513,16.87655306174635,0.001953125
157,30.222397470888172,16.424569559855072,0.001953125
158,30.217276682060245,35.89570025486873,0.00390625
159,29.91053237257547,34.36956930920127,0.001953125
160,29.610957470679516,32.92044117880263,0.001953125
161,29.31808148659442,31.544834844933995,0.001953125
162,29.03147517567556,30.2394280738677,0.001953125
163,28.750746786063843,29.001049019455397,0.001953125
164,28.475538649316093,27.826668162462738,0.001953125
165,28.205524082638554,26.71339057769999,0.001953125
166,27.94040457421887,25.658448522602328,0.001953125
167,27.679907225760342,24.659194343563822,0.001953125
168,27.423782428691634,23.713093698940323,0.001953125
169,27.171801752677794,22.817719100127356,0.001953125
170,26.923756027014022,21.970743774392897,0.001953125
171,26.679453597260505,21.16993585509059,0.001953125
172,26.438718741090533,20.413152906378087,0.001953125
173,26.201390228790743,19.698336790496814,0.001953125
174,25.96732001518439,19.023508885918318,0.001953125
175,25.736372050959062,18.38676566413095,0.001953125
176,25.50842120247961,17.786274631457363,0.001953125
177,25.283352270166226,17.220270640025934,0.001953125
178,25.061059096425044,16.687052568882336,0.001953125
179,24.841443754943146,16.18498037229166,0.001953125
180,24.624415813909003,15.712472487674413,0.001953125
181,24.40989166639978,15.26800359052645,0.001953125
182,24.197793921795355,14.850102678326571,0.001953125
183,23.988050852640413,14.457351460106937,0.001953125
184,23.974695897284796,31.45265778604542,0.00390625
185,23.735003435055063,30.1189808276299,0.001953125
186,23.50078045131277,28.852741262217826,0.001953125
187,23.271669729443047,27.650892058985132,0.001953125
188,23.047345425600785,26.510524834777094,0.001953125
189,22.827510210746908,25.428862481406,0.001953125
190,22.611892674124785,24.403252089079963,0.001953125
191,22.400244964246976,23.431158158827845,0.001953125
192,22.192340645652607,22.510156099156262,0.001953125
193,21.98797275168631,21.637926004552035,0.001953125
194,21.78695201535716,20.81224671576452,0.001953125
195,21.589105261978546,20.030990163988328,0.001953125
196,21.394273948782015,19.292116003025825,0.001953125
197,21.202312838053455,18.593666535137498,0.001953125
198,21.013088791571455,17.93376193747817,0.001953125
199,20.826479675246194,17.310595796658856,0.001953125
200,20.642373363873567,16.72243095896861,0.001953125
201,20.460666836842375,16.16759570305572,0.001953125
202,20.281265356471092,15.64448024034962,0.001953125
203,20.104081721412676,15.151533546187583,0.001953125
204,19.92903558825802,14.687260521523957,0.001953125
205,19.756052855097423,14.25021948132516,0.001953125
206,19.585065101370756,13.83901996142443,0.001953125
207,19.416009078855858,13.452320830910004,0.001953125
208,19.248826249116178,13.088828692272724,0.001953125
209,19.083462363157015,12.747296546796223,0.001953125
210,19.063821733134134,27.569102807195943,0.00390625
211,18.875570362650233,26.40369416848895,0.001953125
212,18.69152583067215,25.2973497190647,0.001953125
213,18.51141503998706,24.247401868960726,0.001953125
214,18.334988888645587,23.25130406166837,0.001953125
215,18.16202008307358,22.30662430082366,0.001953125
216,17.992301151279445,21.411038937838665,0.001953125
217,17.8256426378398,20.56232671494155,0.001953125
218,17.661871464023147,19.75836306022838,0.001953125
219,17.500829437934797,18.9971146334531,0.001953125
220,17.342371900950045,18.27663412333003,0.001953125
221,17.186366497959966,17.595055299021844,0.001953125
222,17.032692060096235,16.9505883201474,0.001953125
223,16.881237589639007,16.341515310972763,0.001953125
224,16.73190133775445,15.766186205346425,0.001953125
225,16.584589966564874,15.223014869310097,0.001953125
226,16.439217787832057,14.71047550807437,0.001953125
227,16.29570607124145,14.227099363128515,0.001953125
228,16.153982415916502,13.771471703618781,0.001953125
229,16.013980179375828,13.342229113780293,0.001953125
230,15.87563795867567,12.938057075187078,0.001953125
231,15.738899118961331,12.557687838984284,0.001953125
232,15.603711365088712,12.19989857922367,0.001953125
233,15.470026352373996,11.86350981411801,0.001953125
234,15.337799332890706,11.547384077675558,0.001953125
235,15.335424833811187,25.242797517355182,0.00390625
236,15.18368106818407,24.170369941964182,0.001953125
237,15.035412212875446,23.15212173391912,0.001953125
238,14.890388928616767,22.185605669015043,0.001953125
239,14.74840208951187,21.268486071605725,0.001953125
240,14.60926093982763,20.398532894450092,0.001953125
241,14.47279141945572,19.573616034997425,0.001953125
242,14.338834642604288,18.79169988206533,0.001953125
243,14.207245515692033,18.050838088764095,0.001953125
244,14.077891481701394,17.349168569437534,0.001953125
245,13.950651379414223,16.68490872027611,0.001953125
246,13.82541440701317,16.0563508650518,0.001953125
247,13.702079180494794,15.461857929053846,0.001953125
248,13.580552878215194,14.899859345688428,0.001953125
249,13.46075046368337,14.36884720125565,0.001953125
250,13.342593979439528,13.86737262404514,0.001953125
251,13.226011905511246,13.394042424013906,0.001953125
252,13.110938576536093,12.947515988855743,0.001953125
253,12.997313652180585,12.526502441191196,0.001953125
254,12.885081635976896,12.129758059879753,0.001953125
255,12.774191438145408,11.756083966096726,0.001953125
256,12.664595978376973,11.404324071882227,0.001953125
257,12.556251824917249,11.073363285457287,0.001953125
258,12.449118866630407,10.762125963852746,0.001953125
259,12.343160015023647,10.469574599484684,0.001953125
260,12.238340933490353,10.194708723436747,0.001953125
261,12.229481075416171,22.13144387871581,0.00390625
262,12.10978356800254,21.194426616475067,0.001953125
263,11.992770255905986,20.304863351335953,0.001953125
264,11.878265416122899,19.46061144097069,0.001953125
265,11.766108804522833,18.659625601522844,0.001953125
266,11.656154244277488,17.899952708779992,0.001953125
267,11.548268343466809,17.17972680785593,0.001953125
268,11.442329330036511,16.497164326706738,0.001953125
269,11.338225993363768,15.850559490519176,0.001953125
270,11.235856722671478,15.238279935722968,0.001953125
271,11.135128633424998,14.65876252404325,0.001953125
272,11.035956773656949,14.110509358565816,0.001953125
273,10.938263402903091,13.592084005167969,0.001953125
274,10.841977337102135,13.10210792379476,0.001953125
275,10.74703335342089,12.63925711485481,0.001953125
276,10.653371649519094,12.202258986392893,0.001953125
277,10.560937352270315,11.789889447596842,0.001953125
278,10.469680071411744,11.400970233557693,0.001953125
279,10.379553494010036,11.03436646498929,0.001953125
280,10.290515016006957,10.68898444482121,0.001953125
281,10.202525407450649,10.36376969123499,0.001953125
282,10.115548508328999,10.057705203884762,0.001953125
283,10.029550952204007,9.769809956834141,0.001953125
284,9.944501915102364,9.499137608291432,0.001953125
285,9.860372887350524,9.244775413703147,0.001953125
286,9.77713746625412,9.005843325357693,0.001953125
287,9.764489514284325,19.40649908106901,0.00390625
288,9.669920516452407,18.5878844180311,0.001953125
289,9.57742753944453,17.81083425265807,0.001953125
290,9.486875893463619,17.073472439256495,0.001953125
291,9.398142743240463,16.37400778479582,0.001953125
292,9.31111602697937,15.71072948347198,0.001953125
293,9.225693474236381,15.082002735486212,0.001953125
294,9.14178171367298,14.486264546538292,0.001953125
295,9.059295462457348,13.922019706075263,0.001953125
296,8.9781567898386,13.387836943860094,0.001953125
297,8.898294448103636,12.882345265883249,0.001953125
298,8.819643264748027,12.404230471976383,0.001953125
299,8.742143590257008,11.952231858636157,0.001953125
300,8.66574079640574,11.525139111457477,0.001953125
301,8.590384820454089,11.12178939213697,0.001953125
302,8.516029751034552,10.741064625170933,0.001953125
303,8.44263345191657,10.381888989078089,0.001953125
304,8.370157220180017,10.04322661618306,0.001953125
305,8.2985654756479,9.724079503680844,0.001953125
306,8.227825478716856,9.423485636873048,0.001953125
307,8.15790707398591,9.140517323163603,0.001953125
308,8.088782457321965,8.874279732699446,0.001953125
309,8.020425964216653,8.62390963854876,0.001953125
310,7.952813877485717,8.388574346163688,0.001953125
311,7.885924252540345,8.167470798734952,0.001953125
312,7.881750758305471,17.77270849415792,0.00390625
313,7.8052152197811,17.019484767015314,0.001953125
314,7.730400214596196,16.30438907692897,0.001953125
315,7.657192487652302,15.625700182348213,0.001953125
316,7.5854887745405195,14.981775127070598,0.001953125
317,7.515194890194584,14.371045064202926,0.001953125
318,7.446224900949222,13.792011247066812,0.001953125
319,7.378500372368238,13.243241183171913,0.001953125
320,7.311949685905641,12.723364948755982,0.001953125
321,7.246507418098326,12.231071662770994,0.001953125
322,7.182113776565638,11.765106120541287,0.001953125
323,7.118714087615333,11.324265588586108,0.001953125
324,7.056258330731509,10.907396763230665,0.001953125
325,6.994700715652639,10.513392896565744,0.001953125
326,6.933999298140756,10.141191093991866,0.001953125
327,6.874115630899805,9.789769787935748,0.001953125
328,6.815014446425442,9.458146392296225,0.001953125
329,6.756663368863141,9.145375141715943,0.001953125
330,6.699032652219121,8.850545118853825,0.001953125
331,6.6420949425116875,8.572778471443346,0.001953125
332,6.585825061671425,8.311228819082565,0.001953125
333,6.530199811199402,8.065079847463489,0.001953125
334,6.475197793774681,7.83354408519151,0.001953125
335,6.420799251168159,7.615861855580124,0.001953125
336,6.3669859169700596,7.4113003929655585,0.001953125
337,6.313740882775124,7.219153110319365,0.001953125
338,6.306550053479937,15.586152488909235,0.00390625
339,6.245961831040203,14.92815682522147,0.001953125
340,6.186705906419656,14.303558173275665,0.001953125
341,6.128695440748707,13.710849332363729,0.001953125
342,6.071851247240893,13.148591403282389,0.001953125
343,6.016101093217382,12.615410120497197,0.001953125
344,5.961379066009501,12.109992331850997,0.001953125
345,5.907624996891308,11.631082622919202,0.001953125
346,5.85478393772962,11.17748008435407,0.001953125
347,5.802805685525294,10.748035221789326,0.001953125
348,5.751644350461434,10.341647009057642,0.001953125
349,5.701257963475535,9.957260086561295,0.001953125
350,5.651608119737284,9.593862107578863,0.001953125
351,5.6026596547449445,9.250481236031394,0.001953125
352,5.554380350054274,8.926183799712181,0.001953125
353,5.506740665927163,8.620072103149084,0.001953125
354,5.459713498435719,8.33128240406854,0.001953125
355,5.41327395878297,8.058983056829636,0.001953125
356,5.367399172806437,7.8023728251760485,0.001953125
357,5.3220680988169855,7.560679365217098,0.001953125
358,5.277261362094478,7.333157877725922,0.001953125
359,5.23296110451548,7.119089926691141,0.001953125
360,5.189150847927827,6.917782418662581,0.001953125
361,5.145815370013681,6.728566734901405,0.001953125
362,5.102940591497907,6.5507980058075175,0.001953125
363,5.100860848725389,14.275772895809933,0.00390625
364,5.051741023929308,13.670389956218196,0.001953125
365,5.003726680821139,13.095643582005113,0.001953125
366,4.956744775564181,12.55015093966304,0.001953125
367,4.910728713788288,12.032592127167707,0.001953125
368,4.865617762173869,11.541706818781574,0.001953125
369,4.821356513888707,11.076291043684146,0.001953125
370,4.777894402947374,10.635194095257317,0.001953125
371,4.735185263014434,10.217315568959817,0.001953125
372,4.693186926582643,9.821602527836781,0.001953125
373,4.651860860829881,9.447046795798148,0.001953125
374,4.611171836796938,9.092682379826089,0.001953125
375,4.571087628835705,8.757583023193463,0.001953125
376,4.531578741556601,8.440859892543239,0.001953125
377,4.4926181617577585,8.141659402241155,0.001953125
378,4.454181133048987,7.859161179718989,0.001953125
379,4.416244951092888,7.59257617552536,0.001953125
380,4.378788777575747,7.341144921456516,0.001953125
381,4.341793471193575,7.104135939424437,0.001953125
382,4.305241434095667,6.880844302626244,0.001953125
383,4.269116472370673,6.670590349121329,0.001953125
384,4.233403669289679,6.472718546138767,0.001953125
385,4.1980892701385075,6.2865965013913545,0.001953125
386,4.163160577578387,6.111614115450821,0.001953125
387,4.128605856571199,5.947182866948112,0.001953125
388,4.094414247993802,5.792735220122909,0.001953125
389,4.090137287424963,12.520516189547479,0.00390625
390,4.051193147353202,11.991705634625147,0.001953125
391,4.0131056436568375,11.489731053675886,0.001953125
392,3.9758187600210473,11.013381549089955,0.001953125
393,3.9392814201056554,10.561501122941403,0.001953125
394,3.9034470368894056,10.132985729643107,0.001953125
395,3.868273103258831,9.72678044690975,0.001953125
396,3.8337208200657864,9.341876762665654,0.001953125
397,3.799754758223398,8.97730997653256,0.001953125
398,3.7663425517242803,8.63215671552406,0.001953125
399,3.7334546187501014,8.305532564528356,0.001953125
400,3.701063908300798,7.996589813043196,0.001953125
401,3.6691456700071643,7.704515320394505,0.001953125
402,3.637677245004442,7.42852850227786,0.001953125
403,3.606637875938837,7.167879441862434,0.001953125
404,3.576008534355413,6.9218471288453145,0.001953125
405,3.545771763876174,6.68973782969994,0.001953125
406,3.5159115377228094,6.470883591896026,0.001953125
407,3.486413129270936,6.264640884063511,0.001953125
408,3.457262994442879,6.07038937293157,0.001953125
409,3.428448664855258,5.887530836418509,0.001953125
410,3.3999586507368518,5.715488210524547,0.001953125
411,3.3717823527223802,5.553704765754699,0.001953125
412,3.343909981709674,5.401643406760371,0.001953125
413,3.3163324860421373,5.258786086838285,0.001953125
414,3.315195167269597,11.46898790773627,0.00390625
415,3.283577802550907,10.982495862479102,0.001953125
416,3.2526717878822495,10.5206223178215,0.001953125
417,3.22242999644659,10.082256254873991,0.001953125
418,3.192809465187456,9.6663372318845,0.001953125
419,3.1637710148884226,9.27185268788158,0.001953125
420,3.135278905024198,8.897835353686817,0.001953125
421,3.107300520199976,8.543360767729526,0.001953125
422,3.0798060852871605,8.207544894987738,0.001953125
423,3.052768406628327,7.8895418482759645,0.001953125
424,3.026162636924823,7.588541711978651,0.001953125
425,2.9999660616388724,7.303768469158718,0.001953125
426,2.9741579049405913,7.034478033718074,0.001953125
427,2.948719153410603,6.779956389912186,0.001953125
428,2.9236323958727835,6.539517841981568,0.001953125
429,2.89888167788047,6.312503376917744,0.001953125
430,2.8744523695146533,6.098279143390753,0.001953125
431,2.8503310452755213,5.896235049597681,0.001953125
432,2.826505374960227,5.7057834822254785,0.001953125
433,2.8029640245211853,5.526358147849541,0.001953125
434,2.7796965659912347,5.357413036922526,0.001953125
435,2.75669339564564,5.198421509076092,0.001953125
436,2.73394565964694,5.048875496812198,0.001953125
437,2.7114451864876385,4.908284822869979,0.001953125
438,2.689184425608467,4.776176624704823,0.001953125
439,2.667156391626915,4.65209487770463,0.001953125
440,2.664488290515879,10.05964815045275,0.00390625
441,2.639386592057192,9.634719890335347,0.001953125
442,2.614836380768455,9.231356896829546,0.001953125
443,2.5908015122690364,8.848586274184393,0.001953125
444,2.5672490314775063,8.485479243565726,0.001953125
445,2.544148881637086,8.14114877407267,0.001953125
446,2.521473639971859,7.8147473087017945,0.001953125
447,2.4991982775357124,7.505464583357259,0.001953125
448,2.4772999410391727,7.212525537810464,0.001953125
449,2.455757754642065,6.93518831831326,0.001953125
450,2.434552639884167,6.6727423723404735,0.001953125
451,2.4136671520933297,6.424506636651336,0.001953125
452,2.3930853317625926,6.1898278204815105,0.001953125
453,2.372792569525914,5.968078786171106,0.001953125
454,2.35277548348759,5.758657029861322,0.001953125
455,2.33302180777444,5.560983265016313,0.001953125
456,2.3135202912833304,5.374500111415256,0.001953125
457,2.2942606056907158,5.198670891887733,0.001953125
458,2.275233261876297,5.032978538420223,0.001953125
459,2.2564295339905263,4.876924608343836,0.001953125
460,2.237841390466226,4.7300284101414904,0.001953125
461,2.2194614313386216,4.591826237022923,0.001953125
462,2.2012828312963157,4.461870704862428,0.001953125
463,2.1832992879385786,4.339730189447475,0.001953125
464,2.165504974762377,4.224988356328913,0.001953125
465,2.164791689072246,9.215579595176255,0.00390625
466,2.1443855084925647,8.82468334339658,0.001953125
467,2.1244375376134506,8.453571028122246,0.001953125
468,2.1049173642791756,8.10134998056689,0.001953125
469,2.085797264561924,7.767168170831709,0.001953125
470,2.06705195745771,7.4502120404016825,0.001953125
471,2.048658382033621,7.149704420842486,0.001953125
472,2.030595494970947,6.864902536642798,0.001953125
473,2.0128440866369752,6.595096090866105,0.001953125
474,1.995386613989155,6.339605433000186,0.001953125
475,1.9782070487706345,6.097779809102186,0.001953125
476,1.9612907395972756,5.8689956950085085,0.001953125
477,1.9446242866643888,5.652655213983101,0.001953125
478,1.928195427917885,5.448184640683448,0.001953125
479,1.911992935640298,5.255032993696458,0.001953125
480,1.8960065224982272,5.072670719102684,0.001953125
481,1.8802267561850383,4.900588467535331,0.001953125
482,1.8646449818719522,4.738295966984323,0.001953125
483,1.849253251752706,4.585320993137804,0.001953125
484,1.8340442610324015,4.441208438348333,0.001953125
485,1.8190112897706092,4.305519479366838,0.001953125
486,1.8041481500428147,4.177830842829003,0.001953125
487,1.789449137933347,4.057734166146817,0.001953125
488,1.7749089899175055,3.9448354500091916,0.001953125
489,1.7605228432311,3.8387545971992627,0.001953125
490,1.7462861998623915,3.7391250309703428,0.001953125
491,1.7445344757413945,8.083853970015591,0.00390625
492,1.7283109985063534,7.742451401773874,0.001953125
493,1.7124428898529998,7.418379882498459,0.001953125
494,1.6969068235247775,7.110857705703611,0.001953125
495,1.6816815323790204,6.819138608029654,0.001953125
496,1.6667476205123775,6.542509864550136,0.001953125
497,1.6520873925811828,6.280290460339156,0.001953125
498,1.6376846987425948,6.03182933678989,0.001953125
499,1.6235247937864057,5.796503711826328,0.001953125
500,1.6095942091583908,5.573717473797513,0.001953125
501,1.5958806366949796,5.362899649467348,0.001953125
502,1.5823728229970924,5.163502947089602,0.001953125
503,1.569060473469142,4.975002376059885,0.001953125
504,1.5559341651383796,4.796893945034091,0.001953125
505,1.542985267450757,4.628693440665181,0.001953125
506,1.53020587031308,4.469935289207666,0.001953125
507,1.517588718718087,4.32017150314519,0.001953125
508,1.5051271533497947,4.178970714691731,0.001953125
509,1.4928150566216631,4.045917297490226,0.001953125
510,1.4806468036502207,3.9206105770852093,0.001953125
511,1.4686172177123396,3.802664129793184,0.001953125
512,1.4567215297757143,3.691705168465636,0.001953125
513,1.444955341729674,3.587374012379131,0.001953125
514,1.4333145929775912,3.489323637152127,0.001953125
515,1.42179553008316,3.39721929924605,0.001953125
516,1.4212745443550594,7.406183905881666,0.00390625
517,1.4080676041747422,7.092146100590169,0.001953125
518,1.3951560583401417,6.794008363078492,0.001953125
519,1.382520278350645,6.511053437134435,0.001953125
520,1.370142371335974,6.242596711929319,0.001953125
521,1.3580060216694203,5.987984479049131,0.001953125
522,1.3460963470774538,5.746592258776353,0.001953125
523,1.3343997679185595,5.517823193996474,0.001953125
524,1.3229038884256628,5.301106510685565,0.001953125
525,1.31159738881688,5.095896044521608,0.001953125
526,1.3004699272796034,4.9016688337362515,0.001953125
527,1.2895120509240316,4.717923778866073,0.001953125
528,1.278715114885001,4.544180370549853,0.001953125
529,1.268071208826151,4.379977486924866,0.001953125
530,1.2575730901687647,4.224872262473215,0.001953125
531,1.2472141234296459,4.078439030331064,0.001953125
532,1.2369882251087776,3.9402683400739096,0.001953125
533,1.2268898136186932,3.8099660528087265,0.001953125
534,1.2169137637940144,3.687152515025113,0.001953125
535,1.2070553655618608,3.5714618120781156,0.001953125
536,1.1973102863922298,3.462541101402658,0.001953125
537,1.1876745371823085,3.360050024613675,0.001953125
538,1.1781444412603679,3.2636601965610876,0.001953125
539,1.1687166062236636,3.173054768230852,0.001953125
540,1.1593878983509174,3.087928059169268,0.001953125
541,1.1501554193536976,3.007985253921234,0.001953125
542,1.1489433364173203,6.497338002591553,0.00390625
543,1.1384271202027243,6.223089038041957,0.001953125
544,1.12814007945671,5.9627695276600035,0.001953125
545,1.1180671584543198,5.7157513565158276,0.001953125
546,1.1081946309274324,5.481434876267286,0.001953125
547,1.0985099787586465,5.259247373198305,0.001953125
548,1.0890017817776174,5.048641597559304,0.001953125
549,1.0796596176434075,4.849094353032272,0.001953125
550,1.0704739708894824,4.660105145671094,0.001953125
551,1.0614361502925165,4.481194892191955,0.001953125
552,1.0525382138029649,4.31190468799314,0.001953125
553,1.0437729003451384,4.1517946357486615,0.001953125
554,1.0351335678578786,4.000442735823666,0.001953125
555,1.026614137004523,3.8574438400769417,0.001953125
556,1.0182090400331498,3.7224086708220687,0.001953125
557,1.0099131743156022,3.5949629067895925,0.001953125
558,1.0017218601369697,3.474746337846991,0.001953125
559,0.9936308023464128,3.361412089975352,0.001953125
560,0.985636055515835,3.2546259215633704,0.001953125
561,0.9777339922852841,3.1540655914621016,0.001953125
562,0.9699212746033519,3.0594202984606067,0.001953125
563,0.9621948275975487,2.9703901909181116,0.001953125
564,0.9545518158339084,2.886685944259238,0.001953125
565,0.9469896217470962,2.808028402952428,0.001953125
566,0.9395058260423415,2.7341482825028383,0.001953125
567,0.9390767143601821,5.9531917987697485,0.00390625
568,0.9305025947890434,5.7009446662781516,0.001953125
569,0.9221190503229915,5.461477445773254,0.001953125
570,0.9139134111588252,5.23421380376426,0.001953125
571,0.9058741281047339,5.01860362330524,0.001953125
572,0.8979906703135994,4.814121601833353,0.001953125
573,0.8902534323763273,4.6202659046815535,0.001953125
574,0.8826536499182946,4.436556872998163,0.001953125
575,0.8751833229204526,4.262535785279162,0.001953125
576,0.8678351460578966,4.097763672194853,0.001953125
577,0.8606024454134553,3.941820184857552,0.001953125
578,0.8534791209826743,3.794302517115017,0.001953125
579,0.8464595944399963,3.6548243828462526,0.001953125
580,0.839538761684484,3.5230150495608226,0.001953125
581,0.832711949727529,3.398518429837349,0.001953125
582,0.8259748775250463,3.2809922322589506,0.001953125
583,0.8193236203930476,3.170107173492451,0.001953125
584,0.8127545776785503,3.0655462529975526,0.001953125
585,0.8062644433878033,2.967004091531043,0.001953125
586,0.7998501795011052,2.8741863341265925,0.001953125
587,0.7935089917282682,2.7868091175897356,0.001953125
588,0.7872383074813022,2.704598601767537,0.001953125
589,0.781035755861347,2.6272905629616883,0.001953125
590,0.7748991494754625,2.5546300468908933,0.001953125
591,0.7688264679157694,2.486371077620141,0.001953125
592,0.7628158427487679,2.4222764179131175,0.001953125
593,0.7619342685287323,5.223321264061456,0.00390625
594,0.7550945435738412,5.003060873226454,0.001953125
595,0.7484027275274535,4.7939972118718455,0.001953125
596,0.7418491019318524,4.595625554929739,0.001953125
597,0.7354248066975833,4.40746403280097,0.001953125
598,0.7291217617788271,4.229052398631625,0.001953125
599,0.7229325960174096,4.059950844917188,0.001953125
600,0.7168505824991571,3.8997388685358536,0.001953125
601,0.7108695798263968,3.7480141837421996,0.001953125
602,0.7049839787649778,3.6043916830780787,0.001953125
603,0.6991886537737793,3.468502446565729,0.001953125
604,0.6934789189697217,3.33999279992272,0.001953125
605,0.6878504881222129,3.218523422860789,0.001953125
606,0.682299438308143,3.1037685087809863,0.001953125
607,0.6768221768923113,2.9954149773351992,0.001953125
608,0.6714154115288514,2.893161741369554,0.001953125
609,0.6660761229070904,2.7967190296814946,0.001953125
610,0.660801539990599,2.705807766797115,0.001953125
611,0.6555891175211904,2.6201590106026367,0.001953125
612,0.6504365155805243,2.539513448145916,0.001953125
613,0.6453415810209507,2.4636209492719754,0.001953125
614,0.6403023305944788,2.3922401769921016,0.001953125
615,0.6353169356244173,2.3251382526400115,0.001953125
616,0.6303837080784663,2.262090472980226,0.001953125
617,0.6255010879149742,2.202880075548527,0.001953125
618,0.6251230462984968,4.786347420956772,0.00390625
619,0.619536396389657,4.583775778607677,0.001953125
620,0.6140727922233447,4.391477409101197,0.001953125
621,0.6087240550558004,4.208989194001917,0.001953125
622,0.6034827296742956,4.0358690611022165,0.001953125
623,0.5983420183657615,3.871694855863564,0.001953125
624,0.5932957209290106,3.7160632576592385,0.001953125
625,0.588338180177257,3.5685887398497944,0.001953125
626,0.5834642324282991,3.4289025731090077,0.001953125
627,0.5786691625257465,3.2966518718054743,0.001953125
628,0.5739486629764727,3.1714986836222385,0.001953125
629,0.5692987968274605,3.053119122950346,0.001953125
630,0.564715963939699,2.941202548906083,0.001953125
631,0.56019687034814,2.835450789078246,0.001953125
632,0.5557385004251877,2.7355774102925845,0.001953125
633,0.551338091591068,2.6413070377672336,0.001953125
634,0.5469931113379134,2.5523747240090087,0.001953125
635,0.5427012363557542,2.468525368652671,0.001953125
636,0.5384603335679905,2.3895131901655784,0.001953125
637,0.5342684429015434,2.3151012499271575,0.001953125
638,0.5301237616328824,2.245061028653006,0.001953125
639,0.5260246301656657,2.1791720544825903,0.001953125
640,0.521969519108942,2.117221581311886,0.001953125
641,0.5179570175368514,2.059004315160346,0.001953125
642,0.5139858223216742,2.004322185554439,0.001953125
643,0.5139540539259189,4.386498042161915,0.00390625
644,0.5093853075752051,4.20021487833879,0.001953125
645,0.5049189849199575,4.023358020170589,0.001953125
646,0.5005482023433772,3.8555024933216764,0.001953125
647,0.49626668610941993,3.6962426992477893,0.001953125
648,0.49206871669516417,3.5451913819659775,0.001953125
649,0.4879490782182906,3.4019786355800434,0.001953125
650,0.48390301249321527,3.2662509515507057,0.001953125
651,0.4799261772921203,3.137670305046389,0.001953125
652,0.47601460842592536,3.0159132800615858,0.001953125
653,0.4721646852954854,2.900670233336055,0.001953125
654,0.46837309959531565,2.7916444974385346,0.001953125
655,0.4646368268812367,2.688551623679338,0.001953125
656,0.46095310073974605,2.5911186657719845,0.001953125
657,0.45731938932093724,2.4990835053581377,0.001953125
658,0.4537333740185852,2.412194220625864,0.001953125
659,0.4501929301008303,2.330208499272691,0.001953125
660,0.44669610911289104,2.252893096978786,0.001953125
661,0.44324112288958106,2.1800233423522717,0.001953125
662,0.4398263290302582,2.1113826889843526,0.001953125
663,0.4364502177023288,2.0467623148094445,0.001953125
664,0.4331113996516833,1.9859607684154452,0.001953125
665,0.42980859530957616,1.9287836613105875,0.001953125
666,0.4265406248955789,1.8750434044523954,0.001953125
667,0.42330639942542153,1.824558986614441,0.001953125
668,0.42010491254088966,1.7771557914456615,0.001953125
669,0.41976323654791464,3.8492758706683277,0.00390625
670,0.41610736279151517,3.6866393289825896,0.001953125
671,0.4125310033069992,3.532262280742878,0.001953125
672,0.4090288780904394,3.3857725613368714,0.001953125
673,0.4055961742943603,3.2468148941547508,0.001953125
674,0.4022285035926795,3.1150499816947073,0.001953125
675,0.39892186344788394,2.9901536327663636,0.001953125
676,0.3956726019231868,2.8718159250727036,0.001953125
677,0.3924773857151236,2.759740402768145,0.001953125
678,0.38933317111175625,2.653643308906782,0.001953125
679,0.3862371776086469,2.553252853001202,0.001953125
680,0.38318686393928525,2.4583085141970082,0.001953125
681,0.38017990629892673,2.3685603808179514,0.001953125
682,0.37721417856104045,2.2837685272365964,0.001953125
683,0.3742877343039446,2.2037024291604865,0.001953125
684,0.3713987904819119,2.1281404184788775,0.001953125
685,0.36854571259019775,2.0568691787770987,0.001953125
686,0.3657270011872268,1.9896832824842872,0.001953125
687,0.36294127964969497,1.9263847703698151,0.001953125
688,0.36018728304771985,1.8667827737443377,0.001953125
689,0.35746384803750253,1.8106931792596908,0.001953125
690,0.3547699036783545,1.7579383356520808,0.001953125
691,0.3521044630894699,1.7083468011564762,0.001953125
692,0.3494666158695704,1.661753129664798,0.001953125
693,0.3468555212095863,1.6179976930393012,0.001953125
694,0.3467412793745752,3.5281329481684365,0.00390625
695,0.34374460570658383,3.378590382764935,0.001953125
696,0.3408141492082875,3.236626912015757,0.001953125
697,0.3379454657994191,3.1019010242850156,0.001953125
698,0.3351345051780894,2.974086753148815,0.001953125
699,0.3323775748773567,2.8528728449929432,0.001953125
700,0.3296713076116153,2.7379619594454137,0.001953125
701,0.3270126316116159,2.629069901891168,0.001953125
702,0.3243987436745106,2.5259248876019367,0.001953125
703,0.3218270846803592,2.4282668373021647,0.001953125
704,0.319295317349296,2.3358467042743527,0.001953125
705,0.3168013060342232,2.248425833374268,0.001953125
706,0.3143430983626819,2.1657753525666927,0.001953125
707,0.3119189085586094,2.0876755977927464,0.001953125
708,0.30952710229019265,2.0139155721264848,0.001953125
709,0.30716618290410663,1.9442924402576658,0.001953125
710,0.30483477891921607,1.8786110593365197,0.001953125
711,0.30253163266444216,1.8166835471245943,0.001953125
712,0.3002555899560484,1.7583288882063288,0.001953125
713,0.2980055907191905,1.7033725787268792,0.001953125
714,0.2957806604672885,1.6516463097365635,0.001953125
715,0.2935799025606906,1.6029876887514352,0.001953125
716,0.2914024911732899,1.5572399985999075,0.001953125
717,0.28924766490228493,1.5142519920402802,0.001953125
718,0.2871147209622099,1.4738777200319184,0.001953125
719,0.28500300990974836,1.435976390955528,0.001953125
720,0.2846934913119397,3.096723932720149,0.00390625
721,0.2822886755195481,2.9661917267143774,0.001953125
722,0.2799352961042536,2.842301161659928,0.001953125
723,0.27762994417088727,2.7247531398625795,0.001953125
724,0.27536951245110963,2.6132621072106,0.001953125
725,0.2731511677748385,2.5075553206588506,0.001953125
726,0.2709723260612736,2.4073721448514616,0.001953125
727,0.2688306295988506,2.312463377372163,0.001953125
728,0.26672392640457065,2.222590602372646,0.001953125
729,0.2646502514723391,2.13752557258852,0.001953125
730,0.26260780973737685,2.057049620001243,0.001953125
731,0.2605949605995972,1.9809530956327577,0.001953125
732,0.2586102038632273,1.9090348391562184,0.001953125
733,0.25665216696301885,1.841101679158635,0.001953125
734,0.25471959335926286,1.7769679649868568,0.001953125
735,0.2528113319946067,1.7164551311349903,0.001953125
736,0.25092632771546824,1.6593912950786283,0.001953125
737,0.24906361256974163,1.6056108893215746,0.001953125
738,0.24722229790057243,1.5549543281904223,0.001953125
739,0.24540156716332548,1.5072677095927893,0.001953125
740,0.24360066939954145,1.4624025515533836,0.001953125
741,0.24181891330773692,1.4202155628716604,0.001953125
742,0.24005566185641192,1.3805684467248391,0.001953125
743,0.23831032738962868,1.3433277354948163,0.001953125
744,0.23658236718007108,1.308364654555152,0.001953125
745,0.23642480534743515,2.838773874355046,0.00390625
746,0.23444818670892023,2.7187669712530735,0.001953125
747,0.23251442450748513,2.604855114793213,0.001953125
748,0.23062064942286647,2.496763842107314,0.001953125
749,0.22876424638481388,2.3942311546620223,0.001953125
750,0.22694283136515345,2.2970068471116876,0.001953125
751,0.22515423029402457,2.2048518626537006,0.001953125
752,0.22339645990582108,2.1175376743486054,0.001953125
753,0.2216677103381715,2.03484569210408,0.001953125
754,0.21996632932346746,1.9565666952589769,0.001953125
755,0.21829080782714347,1.8825002909340545,0.001953125
756,0.2166397670002584,1.8124543985313102,0.001953125
757,0.2150119463260548,1.7462447609538594,0.001953125
758,0.2134061928511899,1.6836944832721206,0.001953125
759,0.21182145140233705,1.6246335996680608,0.001953125
760,0.21025675569794955,1.5688986695361111,0.001953125
761,0.2087112202732362,1.5163324035969252,0.001953125
762,0.20718403314390182,1.4667833207804801,0.001953125
763,0.20567444914102065,1.420105436453398,0.001953125
764,0.20418178385560326,1.3761579823014527,0.001953125
765,0.2027054081370424,1.3348051578366538,0.001953125
766,0.20124474309473223,1.2959159130893243,0.001953125
767,0.19979925555679895,1.2593637615849127,0.001953125
768,0.19836845394409736,1.2250266222136714,0.001953125
769,0.19695188452145787,1.1927866881034144,0.001953125
770,0.19689843685268626,2.602674903126599,0.00390625
771,0.19527100766383632,2.4923579058203122,0.001953125
772,0.19367930866560415,2.38763461901774,0.001953125
773,0.19212092449789034,2.288253170026717,0.001953125
774,0.19059365411708268,2.1939731546126353,0.001953125
775,0.18909549123061248,2.1045650220001475,0.001953125
776,0.18762460652231752,2.0198094840098553,0.001953125
777,0.1861793315046619,1.939496947779705,0.001953125
778,0.18475814384887299,1.86342697173508,0.001953125
779,0.18335965405769333,1.7914077446879926,0.001953125
780,0.1819825933578294,1.72325558815841,0.001953125
781,0.18062580270043593,1.658794482212259,0.001953125
782,0.17928822276819484,1.597855615292288,0.001953125
783,0.17796888489683668,1.5402769586698815,0.001953125
784,0.17666690282738767,1.4859028662576412,0.001953125
785,0.17538146521309184,1.4345837005835673,0.001953125
786,0.17411182881191836,1.3861754857282393,0.001953125
787,0.172857312301891,1.3405395879585154,0.001953125
788,0.17161729066222176,1.297542424649557,0.001953125
789,0.17039119006845174,1.2570552018697847,0.001953125
790,0.1691784832545437,1.2189536807133867,0.001953125
791,0.1679786852991786,1.1831179721099465,0.001953125
792,0.16679134979742366,1.1494323594334588,0.001953125
793,0.16561606538249224,1.1177851477910288,0.001953125
794,0.16445245256554794,1.088068538416448,0.001953125
795,0.16330016086443788,1.060178526149738,0.001953125
796,0.1631255232304887,2.285146853488785,0.00390625
797,0.16181298574041786,2.1888834445257297,0.001953125
798,0.16052822249551038,2.097522760851614,0.001953125
799,0.15926938076198482,2.010844197741342,0.001953125
800,0.15803477196789933,1.9286371366237887,0.001953125
801,0.15682285671825638,1.850700403446439,0.001953125
802,0.1556322311816462,1.7768417484916772,0.001953125
803,0.154461614722864,1.7068773472870664,0.001953125
804,0.15330983866743114,1.6406313224492497,0.001953125
805,0.1521758360943952,1.5779352864967515,0.001953125
806,0.15105863256326973,1.518627905854661,0.001953125
807,0.1499573376895935,1.46255448644627,0.001953125
808,0.14887113749141928,1.4095665814144782,0.001953125
809,0.14779928743615395,1.359521621629671,0.001953125
810,0.14674110612363384,1.3122825697111729,0.001953125
811,0.14569596954718933,1.2677175983070046,0.001953125
812,0.14466330587978488,1.2256997933336762,0.001953125
813,0.1436425907371652,1.1861068827683736,0.001953125
814,0.1426333428743394,1.1488209914075336,0.001953125
815,0.14163512027573233,1.1137284217596666,0.001953125
816,0.14064751660296476,1.080719460932117,0.001953125
817,0.13967015796752333,1.049688213011557,0.001953125
818,0.1387026999985781,1.0205324560413285,0.001953125
819,0.13774482517892916,0.9931535222840214,0.001953125
820,0.1367962404245371,0.9674562000464615,0.001953125
821,0.13669411693574435,2.0954769828704345,0.00390625
822,0.13560968511990326,2.0070015445703033,0.001953125
823,0.13454842374681414,1.9230260669065053,0.001953125
824,0.1335087731382233,1.8433481017100894,0.001953125
825,0.13248931199422526,1.7677743867473426,0.001953125
826,0.13148874476024836,1.6961203491306898,0.001953125
827,0.13050589015032996,1.6282096282645933,0.001953125
828,0.12953967072082234,1.5638736179581907,0.001953125
829,0.12858910339836283,1.5029510275161861,0.001953125
830,0.12765329087474395,1.4452874617992115,0.001953125
831,0.1267314137893195,1.390735020419108,0.001953125
832,0.1258227236268483,1.3391519163965562,0.001953125
833,0.12492653626527661,1.2904021147504992,0.001953125
834,0.12404222611395917,1.2443549916022474,0.001953125
835,0.12316922078826381,1.200885014453158,0.001953125
836,0.12230699627145553,1.1598714443246918,0.001953125
837,0.12145507251924972,1.1211980604257863,0.001953125
838,0.12061300946651005,1.0847529079289853,0.001953125
839,0.11978040339927512,1.0504280692903678,0.001953125
840,0.11895688365866972,1.0181194593391356,0.001953125
841,0.11814210964631779,0.9877266440948558,0.001953125
842,0.11733576810365612,0.95915268295216,0.001953125
843,0.11653757064007451,0.9323039935167856,0.001953125
844,0.11574725148710363,0.9070902379995428,0.001953125
845,0.11496456545795802,0.8834242296953392,0.001953125
846,0.11491203538196472,1.9218376426249153,0.00390625
847,0.11401423532135414,1.8405307307247984,0.001953125
848,0.11313577784248945,1.7633543478483167,0.001953125
849,0.11227534985896757,1.6901226979639363,0.001953125
850,0.11143175492973373,1.620658432871603,0.001953125
851,0.11060390260881164,1.554792196824087,0.001953125
852,0.10979079876985645,1.4923621889569372,0.001953125
853,0.10899153681628417,1.4332137431571175,0.001953125
854,0.10820528969590285,1.3771989251642496,0.001953125
855,0.10743130264639339,1.324176146863351,0.001953125
856,0.1066688866047299,1.2740097978892482,0.001953125
857,0.10591741221975706,1.2265698948146153,0.001953125
858,0.10517630441270476,1.181731748328871,0.001953125
859,0.10444503743547734,1.1393756489262665,0.001953125
860,0.10372313038114667,1.0993865717002373,0.001953125
861,0.10301014310525008,1.061653900879413,0.001953125
862,0.102305672520285,1.026071174731245,0.001953125
863,0.10160934922923479,0.9925358513961299,0.001953125
864,0.10092083446708841,0.9609490960945394,0.001953125
865,0.10023981732215832,0.9312155899713074,0.001953125
866,0.09956601221158128,0.9032433606077238,0.001953125
867,0.09889915658773371,0.8769436339501732,0.001953125
868,0.09823900885442191,0.8522307070844177,0.001953125
869,0.09758534647364338,0.8290218409415279,0.001953125
870,0.09693796424547405,0.8072371716720373,0.001953125
871,0.09691823516376236,1.7628510884169053,0.00390625
872,0.09617334778492038,1.688141717208593,0.001953125
873,0.09544461825599192,1.6172240104252518,0.001953125
874,0.09473094100591628,1.5499274462093557,0.001953125
875,0.09403130878997884,1.4860892699160162,0.001953125
876,0.0933448037110895,1.42555407642973,0.001953125
877,0.0926705890628958,1.3681734087312367,0.001953125
878,0.09200790191949051,1.313805372349995,0.001953125
879,0.09135604640336296,1.262314265487328,0.001953125
880,0.09071438756950007,1.2135702247466598,0.001953125
881,0.0900823458492292,1.1674488865564154,0.001953125
882,0.08945939200255773,1.123831064512835,0.001953125
883,0.08884504253245726,1.0826024429979808,0.001953125
884,0.08823885551880103,1.0436532875356235,0.001953125
885,0.0876404268335363,1.006878172426982,0.001953125
886,0.08704938670218962,0.9721757262519912,0.001953125
887,0.08646539657999902,0.9394483958228936,0.001953125
888,0.08588814631386948,0.9086022291297273,0.001953125
889,0.08531735156398539,0.8795466777178683,0.001953125
890,0.08475275146130881,0.8521944187848782,0.001953125
891,0.08419410647936951,0.8264611970794284,0.001953125
892,0.08364119650072871,0.8022656864344377,0.001953125
893,0.08309381906029534,0.779529370478881,0.001953125
894,0.0825517877493046,0.758176441760489,0.001953125
895,0.0820149307652516,0.7381337181900807,0.001953125
896,0.08148308959441827,0.7193305754047178,0.001953125
897,0.08139643871332619,1.5486223949817546,0.00390625
898,0.08079053118805007,1.4834651577219182,0.001953125
899,0.08019719924641584,1.4216322396861159,0.001953125
900,0.07961559484986644,1.3629742704757764,0.001953125
901,0.07904494527522174,1.3073486362546363,0.001953125
902,0.0784845462380092,1.2546191113828065,0.001953125
903,0.07793375564521884,1.2046555045377234,0.001953125
904,0.07739198791985868,1.1573333191052018,0.001953125
905,0.07685870884496172,1.1125334277628345,0.001953125
906,0.07633343087948857,1.0701417613158097,0.001953125
907,0.07581570890292381,1.0300490119771644,0.001953125
908,0.07530513634931907,0.9921503514050444,0.001953125
909,0.07480134169512904,0.9563451639123512,0.001953125
910,0.07430398526845129,0.922536795342376,0.001953125
911,0.07381275635024517,0.8906323181506971,0.001953125
912,0.07332737054080003,0.8605423132421703,0.001953125
913,0.07284756736716927,0.8321806690766899,0.001953125
914,0.0723731081095105,0.8054643984746043,0.001953125
915,0.07190377382629146,0.7803134734205721,0.001953125
916,0.07143936356015604,0.7566506779844372,0.001953125
917,0.07097969270791199,0.7344014792537943,0.001953125
918,0.07052459153961513,0.7134939159131178,0.001953125
919,0.07007390385310136,0.6938585038196515,0.001953125
920,0.06962748575156702,0.6754281576304262,0.001953125
921,0.06918520453293286,0.6581381272434249,0.001953125
922,0.06912411288412687,1.4208672121921568,0.00390625
923,0.06861911897446352,1.3610112257046096,0.001953125
924,0.06812463895840878,1.3042072801674138,0.001953125
925,0.06763995878038441,1.2503182816110685,0.001953125
926,0.06716442787220472,1.199213345881004,0.001953125
927,0.06669745335569163,1.150767460526387,0.001953125
928,0.06623849477593274,1.1048611599136562,0.001953125
929,0.06578705931660168,1.0613802133518622,0.001953125
930,0.0653426974532075,1.0202153261447375,0.001953125
931,0.06490499900418048,0.9812618536117811,0.001953125
932,0.06447358954337272,0.9444195282433557,0.001953125
933,0.06404812714088538,0.9095922002678736,0.001953125
934,0.06362829940216497,0.8766875920067904,0.001953125
935,0.06321382077806184,0.8456170664690928,0.001953125
936,0.06280443012104472,0.8162954106847501,0.001953125
937,0.062399888465036156,0.788640634290072,0.001953125
938,0.06199997700839628,0.7625737838516914,0.001953125
939,0.061604495281457464,0.7380187733460724,0.001953125
940,0.061213259481714466,0.7149022310961504,0.001953125
941,0.06082610096132164,0.6931533633065983,0.001953125
942,0.060442864852954234,0.6727038341379487,0.001953125
943,0.06006340882136671,0.6534876620241241,0.001953125
944,0.059687601929141486,0.6354411316776302,0.001953125
945,0.05931532360617418,0.618502720954138,0.001953125
946,0.0589464627133992,0.6026130414776781,0.001953125
947,0.05890280393206175,1.3038675512032214,0.00390625
948,0.05848086573027959,1.2488895984801862,0.001953125
949,0.058067724055291384,1.1967139151830417,0.001953125
950,0.057662777618102276,1.1472146686510614,0.001953125
951,0.05726547864704157,1.1002717320335813,0.001953125
952,0.05687532800026695,1.0557703738588589,0.001953125
953,0.056491870725632914,1.013600959686897,0.001953125
954,0.056114692026966825,0.9736586656416729,0.001953125
955,0.05574341359954565,0.9358432037359953,0.001953125
956,0.05537769030097291,0.9000585590199672,0.001953125
957,0.05501720712674983,0.8662127386980853,0.001953125
958,0.05466167646264587,0.8342175334657405,0.001953125
959,0.0543108355885277,0.8039882914080774,0.001953125
960,0.05396444441062567,0.7754437048769918,0.001953125
961,0.053622283401324564,0.7485056108095327,0.001953125
962,0.05328415172747991,0.7230988049673233,0.001953125
963,0.05294986555000053,0.6991508705567392,0.001953125
964,0.05261925647901834,0.6765920216296891,0.001953125
965,0.0522921701704017,0.6553549615628953,0.001953125
966,0.05196846505067242,0.6353747567699499,0.001953125
967,0.05164801115857183,0.6165887256181481,0.001953125
968,0.05133068909259683,0.598936342307126,0.001953125
969,0.05101638905480495,0.5823591552274523,0.001953125
970,0.050705009982075264,0.5668007190657586,0.001953125
971,0.05039645875681942,0.5522065396718503,0.001953125
972,0.05036436255798847,1.1967030042633795,0.00390625
973,0.050010907269367695,1.1462131054633373,0.001953125
974,0.049664817004942456,1.0982963416957001,0.001953125
975,0.049325585394191455,1.052837211189198,0.001953125
976,0.04899275117985587,1.0097254534863676,0.001953125
977,0.04866589409752472,0.9688557643371337,0.001953125
978,0.048344631132375505,0.9301275216439235,0.001953125
979,0.048028613118541,0.893444522265652,0.001953125
980,0.04771752164973461,0.8587147295966324,0.001953125
981,0.04741106627263843,0.8258500319455021,0.001953125
982,0.04710898193716668,0.7947660118451807,0.001953125
983,0.04681102668008792,0.7653817265235687,0.001953125
984,0.046516979520641696,0.7376194998512575,0.001953125
985,0.046226638548741726,0.711404726151621,0.001953125
986,0.04593981918813442,0.6866656863047288,0.001953125
987,0.045656352618495766,0.6633333765941296,0.001953125
988,0.04537608434191575,0.6413413507299127,0.001953125
989,0.04509887288055218,0.6206255754288945,0.001953125
990,0.04482458859344522,0.601124299841282,0.001953125
991,0.044553112601584094,0.5827779389828717,0.001953125
992,0.0442843358113155,0.5655289711653682,0.001953125
993,0.04401815802709105,0.5493218492200864,0.001953125
994,0.04375448714537497,0.5341029250900935,0.001953125
995,0.04349323842228233,0.5198203871330593,0.001953125
996,0.04323433380819798,0.5064242092437665,0.001953125
997,0.043209622228494594,1.0985334602195385,0.00390625
998,0.04291274336833188,1.0521723139332044,0.001953125
999,0.042622035513058806,1.0081740906974213,0.001953125
1000,0.04233707219444176,0.9664327666384573,0.001953125
1001,0.042057464973422956,0.9268471312030838,0.001953125
1002,0.041782859966393346,0.8893205252235298,0.001953125
1003,0.041512934689430375,0.8537605890986327,0.001953125
1004,0.04124739519139043,0.8200790209131241,0.001953125
1005,0.04098597344941095,0.7881913444175979,0.001953125
1006,0.04072842500279868,0.7580166868927843,0.001953125
1007,0.040474526803479446,0.7294775670201779,0.001953125
1008,0.04022407526318329,0.7024996929729892,0.001953125
1009,0.039976884479353714,0.6770117710223151,0.001953125
1010,0.039732784623419,0.6529453250183798,0.001953125
1011,0.03949162047656127,0.6302345271504975,0.001953125
1012,0.03925325009948012,0.6088160404069848,0.001953125
1013,0.03901754362388356,0.5886288731430951,0.001953125
1014,0.03878438215456245,0.5696142461176783,0.001953125
1015,0.038553656771924655,0.5517154722757459,0.001953125
1016,0.03832526762579194,0.5348778494344526,0.001953125
1017,0.038099123112104887,0.5190485658765606,0.001953125
1018,0.03787513912494572,0.504176618673066,0.001953125
1019,0.03765323837698402,0.49021274435268974,0.001953125
1020,0.03743334978208149,0.47710936131987247,0.001953125
1021,0.03721540789436535,0.4648205232059533,0.001953125
1022,0.03719516293784498,1.0085919237708412,0.00390625
1023,0.036945119784840566,0.9660285394980824,0.001953125
1024,0.036700251034804496,0.9256352161800542,0.001953125
1025,0.03646019748688802,0.887314625656211,0.001953125
1026,0.03622463199793953,0.8509738588046173,0.001953125
1027,0.035993256553967776,0.8165241848106459,0.001953125
1028,0.03576579960966862,0.7838808197039212,0.001953125
1029,0.03554201367147379,0.7529627040020911,0.001953125
1030,0.03532167310182705,0.7236922893933522,0.001953125
1031,0.03510457212443413,0.6959953344835061,0.001953125
1032,0.03489052301208718,0.6698007097247938,0.001953125
1033,0.034679354440349,0.6450402117292446,0.001953125
1034,0.03447090999191248,0.6216483872446087,0.001953125
1035,0.03426504679784096,0.599562367131468,0.001953125
1036,0.0340616343031581,0.5787217107209958,0.001953125
1037,0.0338605531454031,0.5590682609493369,0.001953125
1038,0.033661694135809425,0.5405460106524703,0.001953125
1039,0.03346495733371187,0.5231009803614506,0.001953125
1040,0.033270251205647194,0.5066811078602752,0.001953125
1041,0.033077491861394644,0.4912361496572821,0.001953125
1042,0.03288660235991278,0.47671759437815897,0.001953125
1043,0.03269751207877375,0.4630785879188445,0.001953125
1044,0.03251015614128201,0.45027387000667757,0.001953125
1045,0.032324474895996824,0.43825972161698495,0.001953125
1046,0.03214041344386094,0.4269939224903186,0.001953125
1047,0.03212264688492956,0.9261779967963814,0.00390625
1048,0.03191145938383906,0.8871075049681996,0.001953125
1049,0.03170461390009371,0.8500301198643653,0.001953125
1050,0.03150180786792854,0.8148564916328366,0.001953125
1051,0.03130276574562447,0.7815013262990139,0.001953125
1052,0.031107236546594474,0.7498831644411177,0.001953125
1053,0.030914991596463742,0.7199241683648493,0.001953125
1054,0.03072582249545363,0.6915499176340542,0.001953125
1055,0.030539539267273742,0.6646892129009332,0.001953125
1056,0.03035596867744706,0.6392738880666431,0.001953125
1057,0.03017495270555648,0.6152386308881528,0.001953125
1058,0.02999634715732105,0.5925208122266028,0.001953125
1059,0.029820020403700638,0.5710603242022427,0.001953125
1060,0.02964585223539931,0.5507994275769116,0.001953125
1061,0.029473732822202902,0.5316826087224771,0.001953125
1062,0.029303561767553117,0.5136564465482123,0.001953125
1063,0.029135247249639347,0.4966694897478509,0.001953125
1064,0.028968705241087613,0.48067214468499897,0.001953125
1065,0.028803858800051107,0.46561657416204166,0.001953125
1066,0.02864063742616573,0.4514566072127182,0.001953125
1067,0.02847897647543224,0.43814765992428734,0.001953125
1068,0.028318816628630547,0.4256466671359701,0.001953125
1069,0.02816010340836535,0.413912024682604,0.001953125
1070,0.028002786740291205,0.40290354166456877,0.001953125
1071,0.02784682055447237,0.39258240203681766,0.001953125
1072,0.027830222960604,0.8506519584224549,0.00390625
1073,0.027651343693456995,0.8147935852134925,0.001953125
1074,0.0274761107444279,0.7807659500994354,0.001953125
1075,0.027304269234875646,0.7484870234201328,0.001953125
1076,0.027135587067063843,0.7178784969500839,0.001953125
1077,0.0269698528427329,0.6888655803399663,0.001953125
1078,0.0268068739721987,0.6613768053601736,0.001953125
1079,0.026646474956534945,0.6353438378222585,0.001953125
1080,0.026488495826993103,0.610701297135166,0.001953125
1081,0.02633279072726472,0.5873865835344566,0.001953125
1082,0.02617922662550875,0.565339713101755,0.001953125
1083,0.026027682144263868,0.5445031607652508,0.001953125
1084,0.02587804649745329,0.5248217115364742,0.001953125
1085,0.02573021852467778,0.5062423202897,0.001953125
1086,0.02558410581389007,0.48871398042393394,0.001953125
1087,0.025439623904359464,0.47218760175937174,0.001953125
1088,0.025296695562576042,0.45661589800686625,0.001953125
1089,0.025155250124416884,0.4419532841075351,0.001953125
1090,0.02501522289750817,0.42815578366872603,0.001953125
1091,0.024876554618272234,0.4151809466223391,0.001953125
1092,0.024739190958653328,0.40298777710410044,0.001953125
1093,0.024603082077974042,0.39153667140200016,0.001953125
1094,0.02446818221579089,0.3807893656549482,0.001953125
1095,0.024334449321995653,0.3707088928067402,0.001953125
1096,0.024201844720752763,0.36125954814491285,0.001953125
1097,0.02418559573471548,0.78142938684357,0.00390625
1098,0.024033644142923635,0.7485245818785765,0.001953125
1099,0.023884757014592195,0.7173015195910128,0.001953125
1100,0.02373871962706501,0.6876848866786363,0.001953125
1101,0.02359533646178938,0.659602783323616,0.001953125
1102,0.023454429449558892,0.6329865359032593,0.001953125
1103,0.02331583637638174,0.6077705168707845,0.001953125
1104,0.02317940943526907,0.5838919717019124,0.001953125
1105,0.023045013910584184,0.5612908528787545,0.001953125
1106,0.022912526982816563,0.539909660958324,0.001953125
1107,0.022781836642755626,0.519693292846454,0.001953125
1108,0.02265284070504864,0.5005888974659456,0.001953125
1109,0.022525445912044126,0.4825457390668467,0.001953125
1110,0.022399567119655035,0.4655150684730061,0.001953125
1111,0.022275126557732818,0.4494500025884546,0.001953125
1112,0.022152053158130895,0.43430541249590343,0.001953125
1113,0.022030281944260613,0.42003782046435084,0.001953125
1114,0.02190975347651003,0.4066053061410007,0.001953125
1115,0.02179041334841142,0.3939674221331927,0.001953125
1116,0.021672211728911428,0.3820851190891967,0.001953125
1117,0.021555102946523352,0.3709206802647551,0.001953125
1118,0.021439045111527215,0.36043766541931666,0.001953125
1119,0.021323999772734532,0.350600863728031,0.001953125
1120,0.021209931605653452,0.3413762552304116,0.001953125
1121,0.021096808129179658,0.33273098017290664,0.001953125
1122,0.021080433972325403,0.7179762715770681,0.00390625
1123,0.02095098088087064,0.6877869774414493,0.001953125
1124,0.020824105278802935,0.6591426921853001,0.001953125
1125,0.020699626260233008,0.6319742647484997,0.001953125
1126,0.020577379108252348,0.6062156740371859,0.001953125
1127,0.020457213815576577,0.5818038565383676,0.001953125
1128,0.020338993740605854,0.5586785405323665,0.001953125
1129,0.02022259438650479,0.5367820868191121,0.001953125
1130,0.020107902292039202,0.5160593359452578,0.001953125
1131,0.019994814023938257,0.4964574619898755,0.001953125
1132,0.019883235261487293,0.4779258330347067,0.001953125
1133,0.01977307996490746,0.46041587850765414,0.001953125
1134,0.01966426961985148,0.4438809636420161,0.001953125
1135,0.019556732551047076,0.42827627133521945,0.001953125
1136,0.01945040329875751,0.41355869171573395,0.001953125
1137,0.019345222052308396,0.39968671973188674,0.001953125
1138,0.019241134135456354,0.3866203610583765,0.001953125
1139,0.019138089538853393,0.3743210465732497,0.001953125
1140,0.019036042495295464,0.3627515555889986,0.001953125
1141,0.018934951093838314,0.351875947926865,0.001953125
1142,0.018834776929222453,0.34165950480574786,0.001953125
1143,0.018735484783374667,0.33206867838049564,0.001953125
1144,0.018637042336049604,0.3230710496147424,0.001953125
1145,0.018539419901943698,0.31463529401820745,0.001953125
1146,0.01853880171879598,0.6889835655305632,0.00390625
1147,0.018425857437017804,0.6598045698976265,0.001953125
1148,0.01831525024248806,0.6321116231197481,0.001953125
1149,0.01820681268952435,0.6058381939074189,0.001953125
1150,0.018100392352611877,0.5809207848809081,0.001953125
1151,0.017995850453553886,0.5572987676349712,0.001953125
1152,0.017893060614292192,0.5349142240127427,0.001953125
1153,0.017791907723892643,0.5137117934600577,0.001953125
1154,0.01769228690924338,0.49363852639663564,0.001953125
1155,0.01759410259997102,0.4746437436071366,0.001953125
1156,0.017497267678948852,0.45667890172119224,0.001953125
1157,0.01740170271056109,0.4396974649147537,0.001953125
1158,0.017307335239604524,0.42365478302263837,0.001953125
1159,0.017214099154360653,0.4085079763007488,0.001953125
1160,0.017121934107963435,0.3942158271125944,0.001953125
1161,0.017030784992725742,0.3807386788349253,0.001953125
1162,0.016940601462576033,0.3680383422782038,0.001953125
1163,0.016851337499200855,0.35607800989652294,0.001953125
1164,0.016762951017891863,0.3448221780165938,0.001953125
1165,0.016675403509462443,0.3342365772459078,0.001953125
1166,0.016588659714931828,0.32428811112700895,0.001953125
1167,0.016502687329976822,0.3149448029905189,0.001953125
1168,0.016417456736426025,0.3061757508284061,0.001953125
1169,0.01633294075832083,0.29795108986685875,0.001953125
1170,0.01624911444029417,0.2902419623721675,0.001953125
1171,0.016245540113707012,0.6332319374260956,0.00390625
1172,0.016148791935570617,0.6064681657357598,0.001953125
1173,0.016054012681224323,0.5810698196194483,0.001953125
1174,0.015961061250805465,0.5569758079024141,0.001953125
1175,0.015869809206596128,0.5341278200770602,0.001953125
1176,0.015780139615633897,0.5124701743839323,0.001953125
1177,0.01569194599827021,0.4919496716109538,0.001953125
1178,0.015605131372976599,0.4725154545061475,0.001953125
1179,0.015519607388587282,0.45411887276063856,0.001953125
1180,0.015435293535973052,0.43671335358126734,0.001953125
1181,0.015352116431874535,0.4202542779338034,0.001953125
1182,0.015270009168288492,0.40469886259621085,0.001953125
1183,0.015188910721405713,0.39000604821389184,0.001953125
1184,0.015108765414648553,0.37613639359220025,0.001953125
1185,0.015029522430855171,0.36305197649245324,0.001953125
1186,0.014951135369111149,0.35071630121286357,0.001953125
1187,0.014873561842140958,0.3390942132322389,0.001953125
1188,0.014796763110546039,0.3281518211695184,0.001953125
1189,0.01472070375051617,0.3178564262647083,0.001953125
1190,0.014645351351949719,0.3081764595162295,0.001953125
1191,0.014570676244198761,0.2990814265172703,0.001953125
1192,0.014496651246910176,0.2905418599221891,0.001953125
1193,0.014423251443665089,0.2825292793477398,0.001953125
1194,0.01435045397632959,0.2750161583787254,0.001953125
1195,0.014278237858220648,0.26797589821061557,0.001953125
1196,0.01427213368194445,0.5821033356600277,0.00390625
1197,0.014189023692792208,0.5575591933943459,0.001953125
1198,0.01410757375377656,0.5342697537463112,0.001953125
1199,0.014027664958125633,0.5121789169117098,0.001953125
1200,0.013949189073426578,0.49123313073013775,0.001953125
1201,0.013872047565881092,0.47138125070272746,0.001953125
1202,0.013796150713881232,0.4525744052842607,0.001953125
1203,0.013721416802728092,0.43476586636840164,0.001953125
1204,0.013647771393064601,0.4179109249429731,0.001953125
1205,0.013575146656273813,0.40196677195093605,0.001953125
1206,0.013503480770711864,0.3868923844501718,0.001953125
1207,0.013432717373206178,0.3726484172189681,0.001953125
1208,0.01336280506075926,0.3591971000015654,0.001953125
1209,0.01329369693786175,0.346502140626228,0.001953125
1210,0.013225350205239163,0.33452863425387575,0.001953125
1211,0.013157725786239027,0.3232429790252989,0.001953125
1212,0.013090787987412452,0.3126127983666045,0.001953125
1213,0.013024504190159584,0.3026068701837193,0.001953125
1214,0.012958844570595096,0.2931950631263221,0.001953125
1215,0.012893781845050127,0.28434828002954876,0.001953125
1216,0.012829291038863717,0.2760384085496926,0.001953125
1217,0.012765349276331576,0.26823827890091684,0.001953125
1218,0.012701935589875268,0.2609216284782416,0.001953125
1219,0.012639030746672188,0.2540630730235872,0.001953125
1220,0.01257661709114791,0.24763808386328096,0.001953125
1221,0.012568411633209322,0.5352091846968722,0.00390625
1222,0.012496817199817087,0.5127046920912955,0.001953125
1223,0.012426623510636147,0.4913532575123119,0.001953125
1224,0.012357730355002674,0.4711033604915663,0.001953125
1225,0.012290046520922984,0.45190581380454575,0.001953125
1226,0.01222348897246555,0.4337136344419648,0.001953125
1227,0.012157982102455483,0.4164819194553664,0.001953125
1228,0.012093457053577396,0.4001677266185441,0.001953125
1229,0.01202985110162377,0.3847299599014397,0.001953125
1230,0.011967107095199308,0.37012925980829436,0.001953125
1231,0.011905172946712604,0.35632789868515835,0.001953125
1232,0.011844001169959803,0.3432896811510719,0.001953125
1233,0.011783548460034585,0.33097984984966566,0.001953125
1234,0.01172377531168956,0.3193649967506855,0.001953125
1235,0.011664645672628739,0.3084129802510192,0.001953125
1236,0.011606126628533163,0.29809284832936367,0.001953125
1237,0.011548188116914477,0.2883747679952462,0.001953125
1238,0.011490802667157263,0.2792299612399559,0.001953125
1239,0.01143394516435253,0.27063064764325095,0.001953125
1240,0.011377592634744305,0.2625499937159177,0.001953125
1241,0.011321724050810623,0.2549620689661953,0.001953125
1242,0.011266320154181459,0.2478418085710282,0.001953125
1243,0.011211363294760579,0.24116498241573972,0.001953125
1244,0.011156837284567914,0.2349081701438792,0.001953125
1245,0.011155951301429325,0.5139337564665806,0.00390625
1246,0.011092831416555243,0.49219399988874935,0.001953125
1247,0.011030987244127714,0.4715635606203156,0.001953125
1248,0.010970325975147561,0.4519928596131898,0.001953125
1249,0.01091076315007303,0.4334345773877351,0.001953125
1250,0.010852221895431878,0.41584353046139017,0.001953125
1251,0.0107946322303159,0.39917655237910626,0.001953125
1252,0.010737930436360048,0.3833923792584078,0.001953125
1253,0.010682058485393968,0.3684515398128567,0.001953125
1254,0.010626963519486011,0.35431624986975074,0.001953125
1255,0.01057259737858306,0.3409503114495,0.001953125
1256,0.010518916171388731,0.32831901652339307,0.001953125
1257,0.010465879885521372,0.3163890556110769,0.001953125
1258,0.010413452033355836,0.30512843141642787,0.001953125
1259,0.010361599330282025,0.29450637772778554,0.001953125
1260,0.010310291402412524,0.2844932838229417,0.001953125
1261,0.010259500521043173,0.2750606246182231,0.001953125
1262,0.010209201361417336,0.26618089678233386,0.001953125
1263,0.010159370783568893,0.25782756099794396,0.001953125
1264,0.01010998763322261,0.24997499049692246,0.001953125
1265,0.010061032560915641,0.2425984259194564,0.001953125
1266,0.01001248785767201,0.23567393645524642,0.001953125
1267,0.009964337305714709,0.229178387120094,0.001953125
1268,0.009916566042838668,0.22308941190830786,0.001953125
1269,0.009869160439193992,0.2173853924462796,0.001953125
1270,0.00986554597085786,0.47266084097469174,0.00390625
1271,0.00981090257703348,0.4527325191952309,0.001953125
1272,0.00975733718178362,0.4338237843750698,0.001953125
1273,0.009704771557575919,0.415889102068883,0.001953125
1274,0.00965313451570373,0.3988850063618055,0.001953125
1275,0.00960236126270609,0.38276998588928673,0.001953125
1276,0.0095523928157028,0.3675043741131086,0.001953125
1277,0.009503175471250954,0.3530502437901718,0.001953125
1278,0.009454660322822805,0.33937130561920914,0.001953125
1279,0.009406802822453698,0.32643281109971967,0.001953125
1280,0.009359562382516153,0.31420145968555085,0.001953125
1281,0.009312902013946571,0.30264531036075376,0.001953125
1282,0.009266787997587183,0.2917336978052878,0.001953125
1283,0.00922118958561157,0.28143715335032243,0.001953125
1284,0.00917607873027953,0.2717273309445771,0.001953125
1285,0.009131429837519281,0.26257693836175444,0.001953125
1286,0.009087219543064032,0.2539596738723009,0.001953125
1287,0.009043426509078033,0.24585016857867864,0.001953125
1288,0.009000031239396335,0.23822393457104826,0.001953125
1289,0.008957015911674103,0.23105731899975893,0.001953125
1290,0.008914364224897468,0.22432746408358087,0.001953125
1291,0.00887206126084953,0.21801227298072343,0.001953125
1292,0.008830093358253955,0.21209038134720595,0.001953125
1293,0.008788447998435537,0.20654113429902057,0.001953125
1294,0.00874711370144332,0.20134456838652348,0.001953125
1295,0.008741336572457367,0.4347914607202766,0.00390625
1296,0.008693908799664914,0.41652708933201915,0.001953125
1297,0.008647392676882568,0.3991999096399814,0.001953125
1298,0.008601722263238628,0.38276809744091383,0.001953125
1299,0.008556837551811816,0.36719172135462613,0.001953125
1300,0.008512683927056003,0.35243263765998284,0.001953125
1301,0.008469211671893993,0.3384543890774586,0.001953125
1302,0.008426375519933145,0.32522210745769936,0.001953125
1303,0.008384134248671767,0.3127024203817329,0.001953125
1304,0.008342450309943562,0.30086336172469863,0.001953125
1305,0.008301289494190886,0.28967428627959385,0.001953125
1306,0.008260620625469752,0.2791057885785806,0.001953125
1307,0.008220415284373044,0.26912962608458463,0.001953125
1308,0.008180647556315975,0.2597186469527562,0.001953125
1309,0.008141293802861885,0.25084672257731633,0.001953125
1310,0.008102332453978955,0.24248868514196734,0.001953125
1311,0.008063743819311632,0.23462027037936067,0.001953125
1312,0.00802550991672595,0.22721806571563397,0.001953125
1313,0.007987614316547296,0.22025946392917387,0.001953125
1314,0.007950042000053975,0.2137226223889775,0.001953125
1315,0.007912779230921473,0.2075864278589482,0.001953125
1316,0.007875813438431759,0.2018304667630677,0.001953125
1317,0.007839133111370543,0.19643500070671216,0.001953125
1318,0.007802727701634038,0.19138094694646504,0.001953125
1319,0.007801239959122004,0.41767918855408137,0.00390625
1320,0.007759138956880213,0.40004134748421444,0.001953125
1321,0.007717870646054227,0.38330528312939416,0.001953125
1322,0.007677373933302925,0.36743074244443474,0.001953125
1323,0.00763759323132766,0.35237930440069587,0.001953125
1324,0.007598477955355644,0.3381142792014687,0.001953125
1325,0.007559982065717384,0.32460061122970907,0.001953125
1326,0.007522063652298227,0.31180478566634645,0.001953125
1327,0.0074846845570303265,0.29969473876044594,0.001953125
1328,0.007447810030942365,0.2882397717763325,0.001953125
1329,0.007411408422603211,0.27741046868605984,0.001953125
1330,0.00737545089508534,0.2671786177166313,0.001953125
1331,0.007339911168836991,0.2575171368981519,0.001953125
1332,0.007304765288091072,0.24840000378935534,0.001953125
1333,0.007269991408655991,0.23980218957829758,0.001953125
1334,0.007235569605130868,0.23169959776606633,0.001953125
1335,0.007201481695766821,0.2240690076379484,0.001953125
1336,0.007167711083358784,0.21688802270789292,0.001953125
1337,0.007134242610700259,0.21013502428725292,0.001953125
1338,0.007101062429267774,0.2037891302775167,0.001953125
1339,0.007068157879923824,0.19783015921996394,0.001953125
1340,0.007035517384538038,0.19223859955497485,0.001953125
1341,0.007003130347526977,0.18699558395332924,0.001953125
1342,0.006970987066404536,0.1820828684855363,0.001953125
1343,0.00693907865051802,0.17748281629811863,0.001953125
1344,0.006935399298582334,0.3843117306836362,0.00390625
1345,0.006898698437066706,0.3681502283112603,0.001953125
1346,0.0068627026856645235,0.35281772707263465,0.001953125
1347,0.0068273605403597944,0.3382772514337115,0.001953125
1348,0.006792625138949924,0.324493501547636,0.001953125
1349,0.006758453836551624,0.31143276020961946,0.001953125
1350,0.006724807819966972,0.29906280327687695,0.001953125
1351,0.006691651757351883,0.2873528135144787,0.001953125
1352,0.0066589534799549885,0.276273297869136,0.001953125
1353,0.006626683692990823,0.2657960082143429,0.001953125
1354,0.006594815712980005,0.2558938656505036,0.001953125
1355,0.006563325229133335,0.24654088848095534,0.001953125
1356,0.006532190086578517,0.23771212401712066,0.001953125
1357,0.006501390089429822,0.22938358439117837,0.001953125
1358,0.006470906821883996,0.22153218657032991,0.001953125
1359,0.006440723485692117,0.214135696770767,0.001953125
1360,0.0064108247525081555,0.20717267945990964,0.001953125
1361,0.006381196629752251,0.2006224511110019,0.001953125
1362,0.006351826338751433,0.19446503883407715,0.001953125
1363,0.006322702204033771,0.18868114395192306,0.001953125
1364,0.006293813552754856,0.1832521105203466,0.001953125
1365,0.006265150623328978,0.17815989871123725,0.001953125
1366,0.00623670448242233,0.1733870628882021,0.001953125
1367,0.006208466949542686,0.16891673411233984,0.001953125
1368,0.006207777761832853,0.36928913025173227,0.00390625
1369,0.006175065044577097,0.3536855768869991,0.001953125
1370,0.006142997609996881,0.33887977036360695,0.001953125
1371,0.006111527728611212,0.3248361199733048,0.001953125
1372,0.006080611978123654,0.3115206561540728,0.001953125
1373,0.006050210849485671,0.2989009412901435,0.001953125
1374,0.006020288389023093,0.28694598379608854,0.001953125
1375,0.005990811873324073,0.27562615542892616,0.001953125
1376,0.005961751513889129,0.2649131118106045,0.001953125
1377,0.005933080188818518,0.25477971618243267,0.001953125
1378,0.005904773199061601,0.24519996645187753,0.001953125
1379,0.0058768080469795035,0.2361489256291305,0.001953125
1380,0.005849164235178274,0.22760265578418978,0.001953125
1381,0.005821823083756704,0.21953815568287433,0.001953125
1382,0.005794767564282953,0.21193330228003296,0.001953125
1383,0.005767982148968404,0.2047667962580756,0.001953125
1384,0.005741452673647442,0.19801811179685547,0.001953125
1385,0.005715166213299187,0.1916674507452724,0.001953125
1386,0.005689110968962983,0.1856957013347377,0.001953125
1387,0.00566327616500448,0.18008440152963434,0.001953125
1388,0.005637651955784764,0.1748157070508606,0.001953125
1389,0.00561222934087164,0.16987236403726275,0.001953125
1390,0.005587000088011034,0.1652376862290914,0.001953125
1391,0.0055619566631481005,0.16089553647136037,0.001953125
1392,0.005537092166852589,0.1568303122476838,0.001953125
1393,0.0055344017417836835,0.33986721341451054,0.00390625
1394,0.005505773551431568,0.3255727362093033,0.001953125
1395,0.005477692421532078,0.31201170528829364,0.001953125
1396,0.005450118110101449,0.299151425504287,0.001953125
1397,0.005423014006315701,0.2869606839027149,0.001953125
1398,0.00539634679839864,0.27540966732790984,0.001953125
1399,0.005370086171913319,0.2644698830827245,0.001953125
1400,0.005344204535673421,0.25411408260730234,0.001953125
1401,0.005318676772745914,0.24431618817967016,0.001953125
1402,0.00529348001424782,0.23505122267795195,0.001953125
1403,0.0052685934338502554,0.2262952424801279,0.001953125
1404,0.005243998061093951,0.218025273610817,0.001953125
1405,0.005219676611794013,0.2102192512737386,0.001953125
1406,0.0051956133339694024,0.20285596293129843,0.001953125
1407,0.005171793867875794,0.1959149951070866,0.001953125
1408,0.005148205118850638,0.18937668409097788,0.001953125
1409,0.005124835141797457,0.18322207071826102,0.001953125
1410,0.005101673036243774,0.17743285937253125,0.001953125
1411,0.005078708851004657,0.17199138132635694,0.001953125
1412,0.005055933497572466,0.16688056248421343,0.001953125
1413,0.0050333386714339285,0.1620838955300694,0.001953125
1414,0.005010916780588754,0.15758541640952578,0.001953125
1415,0.004988660880610529,0.15336968499673062,0.001953125
1416,0.004966564615650913,0.14942176971341578,0.001953125
1417,0.00496600912985801,0.32665540989172287,0.00390625
1418,0.004940401073854505,0.3128569539894698,0.001953125
1419,0.004915294472880597,0.2997643474472959,0.001953125
1420,0.004890652026570507,0.28734611702387464,0.001953125
1421,0.00486643980401284,0.2755722229422497,0.001953125
1422,0.004842626935545304,0.2644139798753563,0.001953125
1423,0.004819185332764538,0.2538439808294511,0.001953125
1424,0.004796089434167898,0.24383602387749015,0.001953125
1425,0.004773315974080537,0.23436504172895095,0.001953125
1426,0.004750843772735969,0.22540703415778873,0.001953125
1427,0.004728653545573469,0.21693900334508337,0.001953125
1428,0.004706727729992954,0.20893889222611386,0.001953125
1429,0.004685050327969106,0.20138552596148293,0.001953125
1430,0.004663606763072775,0.19425855667667247,0.001953125
1431,0.004642383750580649,0.18753841163209167,0.001953125
1432,0.004621369179474956,0.18120624499433968,0.001953125
1433,0.004600552005244619,0.17524389337725743,0.001953125
1434,0.0045799221524990075,0.16963383530695458,0.001953125
1435,0.004559470426495893,0.1643591547374683,0.001953125
1436,0.004539188432767533,0.15940350870287456,0.001953125
1437,0.004519068504103475,0.1547510991382138,0.001953125
1438,0.004499103634216569,0.15038664883717012,0.001953125
1439,0.004479287417480335,0.14629538144164456,0.001953125
1440,0.004459613994181846,0.14246300528065278,0.001953125
1441,0.004440078000785187,0.1388757007974578,0.001953125
1442,0.004437801832068944,0.30069663399618574,0.00390625
1443,0.0044153136973864564,0.2880583345010391,0.001953125
1444,0.004393251146966378,0.2760690543279873,0.001953125
1445,0.0043715827289959415,0.2646998784561893,0.001953125
1446,0.004350279832292402,0.25392320191630635,0.001953125
1447,0.004329316426467532,0.2437126567722558,0.001953125
1448,0.004308668825879175,0.2340430418021452,0.001953125
1449,0.004288315475192129,0.22489025485117423,0.001953125
1450,0.004268236754569954,0.2162312278624458,0.001953125
1451,0.004248414802700454,0.2080438646249728,0.001953125
1452,0.004228833356022141,0.20030698131054467,0.001953125
1453,0.004209477602668419,0.1930002499011087,0.001953125
1454,0.00419033404978208,0.1861041446342598,0.001953125
1455,0.004171390402976016,0.17959989161451947,0.001953125
1456,0.004152635456828149,0.17346942175043958,0.001953125
1457,0.004134058995400369,0.16769532718040786,0.001953125
1458,0.004115651701863777,0.16226082134181805,0.001953125
1459,0.004097405076396524,0.15714970281789004,0.001953125
1460,0.004079311361596884,0.15234632306338478,0.001953125
1461,0.004061363474723538,0.14783555806502632,0.001953125
1462,0.004043554946138021,0.14360278393576598,0.001953125
1463,0.004025879863381508,0.13963385637616796,0.001953125
1464,0.004008332820370149,0.1359150938640908,0.001953125
1465,0.003990908871240288,0.13243326435914243,0.001953125
1466,0.003990197377094657,0.28905936492890205,0.00390625
1467,0.003970020606432215,0.27686138906149704,0.001953125
1468,0.003950234468257494,0.2652880530855063,0.001953125
1469,0.003930809804947333,0.2543115210532661,0.001953125
1470,0.003911720094820664,0.24390522367553538,0.001953125
1471,0.0038929412110066085,0.23404378827657082,0.001953125
1472,0.0038744512023875374,0.22470297131307745,0.001953125
1473,0.003856230094596101,0.21585959341832162,0.001953125
1474,0.0038382597092302285,0.20749147696376705,0.001953125
1475,0.003820523499618208,0.19957738616226384,0.001953125
1476,0.0038030064016186574,0.19209696976809448,0.001953125
1477,0.003785694698078895,0.18503070645881636,0.001953125
1478,0.00376857589570127,0.17835985301035054,0.001953125
1479,0.0037516386131814725,0.1720663953984882,0.001953125
1480,0.0037348724795868487,0.16613300297514597,0.001953125
1481,0.0037182680420372385,0.1605429858745512,0.001953125
1482,0.003701816681836668,0.15528025580148774,0.001953125
1483,0.0036855105382822056,0.1503292903395245,0.001953125
1484,0.0036693424394471288,0.1456751008910396,0.001953125
1485,0.0036533058392998912,0.14130320432275703,0.001953125
1486,0.0036373947605788355,0.13719959834115367,0.001953125
1487,0.0036216037428957186,0.13335074056305424,0.001953125
1488,0.0036059277955893306,0.12974353118045087,0.001953125
1489,0.003590362354894341,0.12636529904825977,0.001953125
1490,0.003574903245030307,0.12320379095312799,0.001953125
1491,0.0035727704851654194,0.26614422700420615,0.00390625
1492,0.003554998209035309,0.25497397019788565,0.001953125
1493,0.0035375577907086177,0.24437811172918994,0.001953125
1494,0.0035204246423611784,0.2343310758179014,0.001953125
1495,0.0035035763984229504,0.22480844380208145,0.001953125
1496,0.0034869927122892753,0.21578688938511562,0.001953125
1497,0.003470655071642686,0.20724411627607883,0.001953125
1498,0.0034545466306814434,0.19915879820416924,0.001953125
1499,0.0034386520577069407,0.19151052131786916,0.001953125
1500,0.00342295739666384,0.1842797290094598,0.001953125
1501,0.0034074499413555386,0.17744766923446342,0.001953125
1502,0.0033921181211745088,0.17099634442218684,0.001953125
1503,0.0033769513972933094,0.1649084640962794,0.001953125
1504,0.0033619401683585588,0.15916740034144206,0.001953125
1505,0.0033470756848178688,0.15375714626243944,0.001953125
1506,0.0033323499710893683,0.1486622775827848,0.001953125
1507,0.0033177557548558136,0.14386791752153452,0.001953125
1508,0.003303286402831021,0.13935970506661433,0.001953125
1509,0.003288935862406067,0.1351237667316418,0.001953125
1510,0.003274698608636955,0.1311466918406625,0.001953125
1511,0.00326056959608473,0.12741551133274034,0.001953125
1512,0.0032465442150637945,0.12391768001792354,0.001953125
1513,0.003232618251894849,0.12064106215049884,0.001953125
1514,0.0032187878527958295,0.11757392011803851,0.001953125
1515,0.0032178329476889554,0.25588017837529703,0.00390625
1516,0.003201846649012941,0.245100316314686,0.001953125
1517,0.003186165293276065,0.23487330609386112,0.001953125
1518,0.003170766083021799,0.22517452553293904,0.001953125
1519,0.0031556282829456393,0.21598047103364168,0.001953125
1520,0.003140733031239347,0.2072686954456326,0.001953125
1521,0.0031260631682062455,0.19901774820704024,0.001953125
1522,0.003111603080566356,0.19120711773006693,0.001953125
1523,0.003097338560014937,0.183817176030707,0.001953125
1524,0.003083256674729494,0.17682912563013617,0.001953125
1525,0.0030693456526398014,0.17022494878334887,0.001953125
1526,0.0030555947753840027,0.16398735911694617,0.001953125
1527,0.0030419942819724538,0.1580997557812415,0.001953125
1528,0.003028535281270552,0.15254618024052236,0.001953125
1529,0.003015209672493153,0.1473112758377757,0.001953125
1530,0.0030020100729770895,0.14238025027488632,0.001953125
1531,0.0029889297525654813,0.1377388411448526,0.001953125
1532,0.002975962573998508,0.1333732846378644,0.001953125
1533,0.0029631029387607436,0.1292702875175774,0.001953125
1534,0.0029503457378854923,0.12541700242764106,0.001953125
1535,0.00293768630726231,0.12180100654228572,0.001953125
1536,0.0029251203870354365,0.11841028352011945,0.001953125
1537,0.0029126440847186083,0.11523320865956982,0.001953125
1538,0.0029002538416860128,0.1122585370906285,0.001953125
1539,0.0028879464027302963,0.10947539477419413,0.001953125
1540,0.0028858518128621127,0.23564292292765412,0.00390625
1541,0.00287173349673067,0.22577311418067839,0.001953125
1542,0.002857874479047987,0.2164117291485726,0.001953125
1543,0.00284425553394077,0.20753614242522977,0.001953125
1544,0.0028308591740606823,0.19912475001172297,0.001953125
1545,0.0028176694915360858,0.19115691186118464,0.001953125
1546,0.0028046720134843463,0.18361289655218715,0.001953125
1547,0.002791853570751635,0.17647382807959433,0.001953125
1548,0.0027792021786692254,0.16972163477889213,0.001953125
1549,0.0027667069287261436,0.16333900042692479,0.001953125
1550,0.0027543578901587594,0.15730931758773906,0.001953125
1551,0.002742146020549399,0.1516166432956391,0.001953125
1552,0.0027300630846091795,0.1462456571871709,0.001953125
1553,0.0027181015803957884,0.14118162220807876,0.001953125
1554,0.0027062546722855215,0.13641034802878282,0.001953125
1555,0.0026945161300812107,0.13191815730120918,0.001953125
1556,0.0026828802736942946,0.1276918548797054,0.001953125
1557,0.002671341922890704,0.12371870010854519,0.001953125
1558,0.0026598963516369623,0.11998638224796657,0.001953125
1559,0.0026485392466253418,0.11648299907026712,0.001953125
1560,0.0026372666695954855,0.11319703860840089,0.001953125
1561,0.0026260750231049093,0.1101173639837396,0.001953125
1562,0.002614961019432643,0.10723320117980302,0.001953125
1563,0.0026039216523291654,0.10453412956798566,0.001953125
1564,0.00260273682312594,0.22657965639447683,0.00390625
1565,0.0025900103740051144,0.21705560811362948,0.001953125
1566,0.002577522410233142,0.20802093348871437,0.001953125
1567,0.0025652551038578804,0.19945385032614962,0.001953125
1568,0.00255319224021795,0.1913335636947167,0.001953125
1569,0.00254131907034282,0.18364021078031134,0.001953125
1570,0.00252962217686546,0.17635480776326637,0.001953125
1571,0.002518089352210424,0.16945919869858805,0.001953125
1572,0.0025067094879335367,0.16293600640495778,0.001953125
1573,0.002495472474192213,0.1567685853940665,0.001953125
1574,0.002484369108418948,0.15094097689687425,0.001953125
1575,0.002473391012355381,0.14543786606661657,0.001953125
1576,0.0024625305566815287,0.14024454145853688,0.001953125
1577,0.002451780792544812,0.1353468569019964,0.001953125
1578,0.0024411353893572063,0.1307311958903444,0.001953125
1579,0.002430588578286636,0.1263844386163251,0.001953125
1580,0.0024201351009213055,0.12229393177464908,0.001953125
1581,0.0024097701626333737,0.1184474612377873,0.001953125
1582,0.002399489390211734,0.11483322768565521,0.001953125
1583,0.0023892887933730576,0.11143982523484242,0.001953125
1584,0.0023791647297960366,0.1082562230692842,0.001953125
1585,0.0023691138733562757,0.10527175002336671,0.001953125
1586,0.0023591331852688096,0.10247608201267615,0.001953125
1587,0.002349219887872042,0.09985923214978362,0.001953125
1588,0.0023487787021506546,0.21789017224122675,0.00390625
1589,0.002337294195694938,0.20870067089875183,0.001953125
1590,0.0023260291836641627,0.19998221917021247,0.001953125
1591,0.002314967133054676,0.19171384482593093,0.001953125
1592,0.0023040930079515198,0.18387552966227752,0.001953125
1593,0.002293393132552725,0.17644815657384516,0.001953125
1594,0.002282855066733592,0.16941345855145853,0.001953125
1595,0.0022724674930028658,0.162753969579003,0.001953125
1596,0.0022622201138078747,0.15645297742605221,0.001953125
1597,0.0022521035582411435,0.15049447835772006,0.001953125
1598,0.002242109297287759,0.1448631338072913,0.001953125
1599,0.0022322295668315683,0.13954422908001304,0.001953125
1600,0.0022224572977098587,0.1345236341768,0.001953125
1601,0.0022127860521712274,0.12978776684320784,0.001953125
1602,0.002203209966150405,0.12532355796049055,0.001953125
1603,0.002193723696827487,0.12111841940050706,0.001953125
1604,0.0021843223749877633,0.11716021446345709,0.001953125
1605,0.002175001561742656,0.11343723100593836,0.001953125
1606,0.0021657572092124854,0.10993815734606993,0.001953125
1607,0.0021565856248083513,0.10665206100238604,0.001953125
1608,0.002147483438783635,0.10356837028446864,0.001953125
1609,0.0021384475747557754,0.10067685870712666,0.001953125
1610,0.002129475222926379,0.09796763214828538,0.001953125
1611,0.002120563815752642,0.09543111861614116,0.001953125
1612,0.0021117110058456487,0.09305806043651953,0.001953125
1613,0.0021103529199837314,0.20068978049426064,0.00390625
1614,0.002100180801494993,0.1922772799178729,0.001953125
1615,0.00209019549058574,0.1842980083305218,0.001953125
1616,0.002080383043322274,0.17673269351465434,0.001953125
1617,0.0020707307779198997,0.16956293415723234,0.001953125
1618,0.002061227159264026,0.16277115088646432,0.001953125
1619,0.00205186169400324,0.15634053911235984,0.001953125
1620,0.002042624835246455,0.1502550236603724,0.001953125
1621,0.002033507895984867,0.14449921521054993,0.001953125
1622,0.002024502970439932,0.13905836857774587,0.001953125
1623,0.002015602862611725,0.13391834289069363,0.001953125
1624,0.0020068010213684664,0.12906556374806763,0.001953125
1625,0.001998091481478354,0.12448698744684716,0.001953125
1626,0.0019894688100396797,0.12017006739106278,0.001953125
1627,0.001980928057814991,0.11610272279603127,0.001953125
1628,0.0019724647150203313,0.11227330980324048,0.001953125
1629,0.001964074671161689,0.10867059511311068,0.001953125
1630,0.0019557541785481134,0.10528373222625291,0.001953125
1631,0.001947499819144907,0.10210224035834586,0.001953125
1632,0.0019393084744610879,0.09911598605971375,0.001953125
1633,0.0019311772981933438,0.09631516752908834,0.001953125
1634,0.0019231036913741032,0.09369030156350933,0.001953125
1635,0.0019150852797944788,0.09123221303507707,0.001953125
1636,0.0019071198934938072,0.08893202673300594,0.001953125
1637,0.001906356673661014,0.1930058241022798,0.00390625
1638,0.0018971629191929266,0.184889232764529,0.001953125
1639,0.0018881412056791535,0.17718966166807054,0.001953125
1640,0.0018792786009851688,0.1698885553126045,0.001953125
1641,0.0018705633442245959,0.16296819973810855,0.001953125
1642,0.0018619847385923762,0.15641167552013696,0.001953125
1643,0.0018535330540089775,0.15020281248187328,0.001953125
1644,0.0018451994386774247,0.14432614610554242,0.001953125
1645,0.0018369758387371577,0.1387668756476402,0.001953125
1646,0.001828854925273436,0.13351082398451683,0.001953125
1647,0.001820830028008867,0.12854439923639152,0.001953125
1648,0.0018128950750652976,0.12385455823794374,0.001953125
1649,0.001805044538240313,0.11942877194112322,0.001953125
1650,0.0017972733832934654,0.11525499284953807,0.001953125
1651,0.0017895770247835824,0.11132162459246066,0.001953125
1652,0.0017819512850404916,0.10761749374892797,0.001953125
1653,0.0017743923568926516,0.1041318240275496,0.001953125
1654,0.0017668967698068203,0.10085421289470356,0.001953125
1655,0.0017594613591273877,0.09777461072242312,0.001953125
1656,0.0017520832381315926,0.09488330249759679,0.001953125
1657,0.001744759772642817,0.09217089209684608,0.001953125
1658,0.0017374885579677724,0.08962828908795241,0.001953125
1659,0.0017302673979448081,0.08724669797090749,0.001953125
1660,0.0017230942859100796,0.08501760972198327,0.001953125
1661,0.0017228210433110204,0.18563293832076497,0.00390625
1662,0.0017145045316169063,0.1778024547011644,0.001953125
1663,0.001706346545389257,0.1703733972212839,0.001953125
1664,0.0016983350901581776,0.16332789919206328,0.001953125
1665,0.0016904592583536302,0.15664890693001873,0.001953125
1666,0.0016827091298523176,0.15032013463310911,0.001953125
1667,0.0016750756816294613,0.14432602089322913,0.001953125
1668,0.0016675507056818876,0.138651686822216,0.001953125
1669,0.001660126734465172,0.13328289578882646,0.001953125
1670,0.0016527969731569081,0.128206014785129,0.001953125
1671,0.0016455552381211497,0.12340797746149561,0.001953125
1672,0.0016383959010062975,0.11887624888903309,0.001953125
1673,0.0016313138379606769,0.11459879212586717,0.001953125
1674,0.0016243043834972615,0.11056403667806318,0.001953125
1675,0.0016173632885819144,0.10676084895594502,0.001953125
1676,0.0016104866825584633,0.10317850483098369,0.001953125
1677,0.0016036710385593474,0.09980666439620263,0.001953125
1678,0.0015969131420827188,0.0966353490233533,0.001953125
1679,0.0015902100624461044,0.09365492079245524,0.001953125
1680,0.0015835591268532755,0.09085606434363523,0.001953125
1681,0.0015769578968350762,0.08822977116803692,0.001953125
1682,0.0015704041468468754,0.08576732631499187,0.001953125
1683,0.0015638958448251918,0.08346029744830308,0.001953125
1684,0.001557431134524137,0.08130052613755691,0.001953125
1685,0.0015510083194687201,0.07928012122338882,0.001953125
1686,0.001550030535184614,0.1710024419561702,0.00390625
1687,0.0015426479014422423,0.16383493520021122,0.001953125
1688,0.0015354002834407619,0.15703664661886532,0.001953125
1689,0.001528277564433136,0.15059115699158104,0.001953125
1690,0.0015212705440083673,0.14448278907547185,0.001953125
1691,0.0015143708542464007,0.1386965658487375,0.001953125
1692,0.0015075708835490095,0.13321817028869604,0.001953125
1693,0.001500863707443907,0.1280339066757555,0.001953125
1694,0.0014942430257236677,0.12313066343454021,0.001953125
1695,0.0014877031053394914,0.11849587754326239,0.001953125
1696,0.0014812387285229396,0.11411750056155033,0.001953125
1697,0.0014748451456570114,0.10998396634441023,0.001953125
1698,0.0014685180324617425,0.10608416052477466,0.001953125
1699,0.0014622534510993297,0.10240739185805763,0.001953125
1700,0.0014560478148399295,0.09894336552816298,0.001953125
1701,0.001449897855962152,0.09568215851441979,0.001953125
1702,0.0014438005965920998,0.09261419711206376,0.001953125
1703,0.0014377533222119266,0.08973023668456405,0.001953125
1704,0.0014317535575935104,0.08702134370411975,0.001953125
1705,0.0014257990449352235,0.08447888010732466,0.001953125
1706,0.0014198877240000933,0.08209448995717374,0.001953125
1707,0.0014140177140721285,0.07986008836166572,0.001953125
1708,0.0014081872975643546,0.0777678525551589,0.001953125
1709,0.0014023949051273359,0.07581021500368054,0.001953125
1710,0.0014018216489563556,0.16447568862001027,0.00390625
1711,0.0013951359811268417,0.1575609997106261,0.001953125
1712,0.001388574775258687,0.15100172988114113,0.001953125
1713,0.001382128647616365,0.14478206973512772,0.001953125
1714,0.0013757890648145186,0.13888692669627387,0.001953125
1715,0.0013695482660078763,0.13330188491503175,0.001953125
1716,0.001363399192204667,0.12801316663710752,0.001953125
1717,0.0013573354220513612,0.12300759501978635,0.001953125
1718,0.0013513511134962666,0.11827255840087604,0.001953125
1719,0.0013454409507937615,0.1137959760440229,0.001953125
1720,0.0013396000963602117,0.10956626540265102,0.001953125
1721,0.0013338241470373924,0.10557231096198623,0.001953125
1722,0.0013281090943598906,0.10180343473360068,0.001953125
1723,0.0013224512884599225,0.09824936848860955,0.001953125
1724,0.001316847405276544,0.0949002278229834,0.001953125
1725,0.0013112944167667348,0.09174648815037031,0.001953125
1726,0.001305789563843525,0.08877896271344542,0.001953125
1727,0.0013003303317914992,0.0859887826934655,0.001953125
1728,0.0012949144279328659,0.08336737947909335,0.001953125
1729,0.0012895397613380522,0.08090646912980363,0.001953125
1730,0.0012842044243936384,0.07859803903693276,0.001953125
1731,0.001278906676057594,0.07643433674786201,0.001953125
1732,0.0012736449266473352,0.07440786087760576,0.001953125
1733,0.001268417724020275,0.07251135398931337,0.001953125
1734,0.001268180450053257,0.158209581799246,0.00390625
1735,0.0012621220674497561,0.15153921174572288,0.001953125
1736,0.001256178464875819,0.1452109828935523,0.001953125
1737,0.0012503409381077668,0.1392096721284494,0.001953125
1738,0.0012446015720410084,0.1335207487382793,0.001953125
1739,0.001238953168480554,0.12813033591721934,0.001953125
1740,0.001233389180542311,0.12302517366443047,0.001953125
1741,0.001227903653059928,0.11819258305861428,0.001953125
1742,0.0012224911684473607,0.11362043190753959,0.001953125
1743,0.0012171467975176818,0.10929710178967009,0.001953125
1744,0.0012118660548043679,0.10521145652283174,0.001953125
1745,0.0012066448579728603,0.10135281211169746,0.001953125
1746,0.0012014794909479202,0.09771090824087174,0.001953125
1747,0.0011963665704165878,0.0942758813925578,0.001953125
1748,0.0011913030153977025,0.09103823967615844,0.001953125
1749,0.0011862860195972357,0.08798883946068772,0.001953125
1750,0.0011813130262943792,0.0851188638986415,0.001953125
1751,0.0011763817055267067,0.08241980342128448,0.001953125
1752,0.0011714899333639098,0.07988343826974786,0.001953125
1753,0.0011666357730789026,0.07750182310388909,0.001953125
1754,0.0011618174580425866,0.07526727370199622,0.001953125
1755,0.0011570333761844655,0.0731723557300884,0.001953125
1756,0.0011522820558757605,0.07120987552122522,0.001953125
1757,0.0011475621531047869,0.06937287276477726,0.001953125
1758,0.0011428724398262883,0.06765461496523056,0.001953125
1759,0.0011421093342101772,0.14575799663950428,0.00390625
1760,0.0011367220575577196,0.1396530468026972,0.001953125
1761,0.0011314325968731919,0.13386280203222028,0.001953125
1762,0.0011262336102192516,0.12837327169638044,0.001953125
1763,0.0011211184209461275,0.12317109691654393,0.001953125
1764,0.001116080956814558,0.11824351493721266,0.001953125
1765,0.0011111156946920291,0.1135783248055182,0.001953125
1766,0.0011062176103120544,0.10916385435419237,0.001953125
1767,0.00110138213263297,0.10498892849918946,0.001953125
1768,0.0010966051023751403,0.10104283888020933,0.001953125
1769,0.0010918827343540357,0.09731531488874766,0.001953125
1770,0.0010872115832616588,0.09379649614319707,0.001953125
1771,0.0010825885125806162,0.09047690648303916,0.001953125
1772,0.0010780106663440287,0.08734742956333882,0.001953125
1773,0.0010734754434807453,0.08439928613560091,0.001953125
1774,0.0010689804745091644,0.08162401310067036,0.001953125
1775,0.0010645236003646405,0.0790134444130079,0.001953125
1776,0.0010601028531651501,0.07655969390286681,0.001953125
1777,0.0010557164387377518,0.07425514006350163,0.001953125
1778,0.0010513627207446512,0.0720924128248497,0.001953125
1779,0.0010470402062624081,0.07006438230391077,0.001953125
1780,0.0010427475326812605,0.0681641494865558,0.001953125
1781,0.001038483455803697,0.06638503875740231,0.001953125
1782,0.001034246839032491,0.06472059215572237,0.001953125
1783,0.001033768381506423,0.14020650387575198,0.00390625
1784,0.0010288827558751392,0.13431728824323722,0.001953125
1785,0.0010240873614459913,0.12873102488002625,0.001953125
1786,0.0010193753876835622,0.12343424240592117,0.001953125
1787,0.001014740641437133,0.11841407969934993,0.001953125
1788,0.0010101774904454016,0.11365825168171215,0.001953125
1789,0.0010056808120133495,0.10915501634957298,0.001953125
1790,0.0010012459463877453,0.10489314304435231,0.001953125
1791,0.000996868654401104,0.1008618819653495,0.001953125
1792,0.0009925450789933187,0.09705093494825483,0.001953125
1793,0.000988271710255951,0.09345042754714795,0.001953125
1794,0.0009840453536766746,0.09005088247265992,0.001953125
1795,0.0009798631012908896,0.0868431944516516,0.001953125
1796,0.000975722305474346,0.08381860658353267,0.001953125
1797,0.0009716205551349907,0.08096868827427701,0.001953125
1798,0.0009675556540843777,0.07828531483039358,0.001953125
1799,0.0009635256013891028,0.07576064879082203,0.001953125
1800,0.0009595285735209812,0.07338712306439533,0.001953125
1801,0.0009555629081412952,0.07115742592391254,0.001953125
1802,0.0009516270893695034,0.06906448788514691,0.001953125
1803,0.0009477197344005092,0.06710147047087284,0.001953125
1804,0.000943839581347025,0.06526175682728319,0.001953125
1805,0.0009399854781948685,0.06353894412447131,0.001953125
1806,0.0009361563727693064,0.061926837635807565,0.001953125
1807,0.0009359163040605272,0.1348745374532094,0.00390625
1808,0.0009314834588247446,0.12919372840568666,0.001953125
1809,0.0009271338747543118,0.12380456142353118,0.001953125
1810,0.0009228612340398158,0.11869406444654443,0.001953125
1811,0.0009186597918045055,0.1138498548277293,0.001953125
1812,0.0009145243236753797,0.10926010647650489,0.001953125
1813,0.0009104500781541618,0.104913518192588,0.001953125
1814,0.0009064327333487192,0.10079928317633632,0.001953125
1815,0.0009024683576657169,0.09690705971663283,0.001953125
1816,0.000898553374101846,0.09322694307292506,0.001953125
1817,0.0008946845278041657,0.0897494385833034,0.001953125
1818,0.0008908588566002665,0.08646543604486859,0.001953125
1819,0.0008870736642263567,0.08336618542534292,0.001953125
1820,0.0008833264960062725,0.08044327397507772,0.001953125
1821,0.000879615116757024,0.07768860481541338,0.001953125
1822,0.0008759374907170307,0.07509437708189305,0.001953125
1823,0.0008722917633118672,0.0726530676983429,0.001953125
1824,0.0008686762445892858,0.07035741484972471,0.001953125
1825,0.0008650893941706955,0.0682004032076201,0.001953125
1826,0.0008615298075802581,0.06617525094225284,0.001953125
1827,0.0008579962038254801,0.06427539852953552,0.001953125
1828,0.0008544874141147215,0.062494499331614814,0.001953125
1829,0.0008510023716075347,0.060826411896086785,0.001953125
1830,0.0008475401021032758,0.05926519388411867,0.001953125
1831,0.0008474987247924406,0.12975249527151148,0.00390625
1832,0.0008434749055273545,0.12427298134518193,0.001953125
1833,0.000839527938022881,0.11907422493781379,0.001953125
1834,0.0008356519613721873,0.1141437342234279,0.001953125
1835,0.0008318416463510005,0.10946958658183906,0.001953125
1836,0.0008280921467623709,0.10504039704713064,0.001953125
1837,0.0008243990552358474,0.10084528789355585,0.001953125
1838,0.0008207583630732543,0.09687385934131763,0.001953125
1839,0.0008171664237705891,0.09311616137907633,0.001953125
1840,0.000813619919879488,0.0895626667147871,0.001953125
1841,0.0008101158329025074,0.08620424488112724,0.001953125
1842,0.0008066514159444721,0.08303213753575832,0.001953125
1843,0.0008032241688675633,0.08003793500929124,0.001953125
1844,0.0007998318157209243,0.07721355416429837,0.001953125
1845,0.0007964722842365438,0.07455121763620917,0.001953125
1846,0.0007931436872022466,0.07204343453059596,0.001953125
1847,0.0007898443055399357,0.06968298265043604,0.001953125
1848,0.0007865725729329688,0.06746289232080666,0.001953125
1849,0.0007833270618608382,0.06537643186674429,0.001953125
1850,0.000780106470912315,0.06341709478260801,0.001953125
1851,0.0007769096132600134,0.061578588608528016,0.001953125
1852,0.0007737354061900376,0.05985482550211129,0.001953125
1853,0.0007705828615901228,0.05823991446264049,0.001953125
1854,0.0007674510773085163,0.056728155132027856,0.001953125
1855,0.0007643392293038774,0.055314033063545584,0.001953125
1856,0.000763920297697222,0.11954620019121193,0.00390625
1857,0.0007603372254585112,0.11453136651649763,0.001953125
1858,0.0007568196703841035,0.10977478532599888,0.001953125
1859,0.0007533626886851102,0.1052649763654271,0.001953125
1860,0.0007499617848229575,0.10099097870688829,0.001953125
1861,0.000746612870490005,0.09694232153856311,0.001953125
1862,0.0007433122273455048,0.09310899602169398,0.001953125
1863,0.000740056473163096,0.08948142820798627,0.001953125
1864,0.0007368425310774952,0.08605045302450713,0.001953125
1865,0.000733667601646647,0.08280728934718785,0.001953125
1866,0.0007305291374715696,0.07974351619758546,0.001953125
1867,0.0007274248201397328,0.07685105011001096,0.001953125
1868,0.0007243525392792449,0.0741221237267605,0.001953125
1869,0.0007213103735305944,0.0715492656872041,0.001953125
1870,0.0007182965732603947,0.06912528188109208,0.001953125
1871,0.0007153095448576425,0.06684323813687217,0.001953125
1872,0.0007123478364676118,0.06469644441143507,0.001953125
1873,0.0007094101250317584,0.06267844053808337,0.001953125
1874,0.0007064952045140732,0.0607829835744872,0.001953125
1875,0.0007036019752052568,0.05900403677213282,0.001953125
1876,0.0007007294340060414,0.057335760163852195,0.001953125
1877,0.0006978766656000158,0.05577250273740613,0.001953125
1878,0.000695042834434517,0.054308796132105486,0.001953125
1879,0.0006922271774356102,0.0529393497637151,0.001953125
1880,0.0006919820148834445,0.11500503011609792,0.00390625
1881,0.0006887280776029435,0.11016782728774795,0.001953125
1882,0.0006855346212160495,0.10557923996909904,0.001953125
1883,0.0006823970593738282,0.10122821335416958,0.001953125
1884,0.0006793112217054336,0.09710419419887908,0.001953125
1885,0.0006762733157511689,0.09319710276774351,0.001953125
1886,0.0006732798923805965,0.08949730579893098,0.001953125
1887,0.0006703278143766365,0.08599559047749024,0.001953125
1888,0.0006674142278957949,0.08268313941977662,0.001953125
1889,0.000664536536541208,0.0795515066854739,0.001953125
1890,0.0006616923778092922,0.0765925948466851,0.001953125
1891,0.0006588796016926858,0.07379863315577212,0.001953125
1892,0.0006560962512420755,0.07116215686429882,0.001953125
1893,0.0006533405449075607,0.06867598775383729,0.001953125
1894,0.0006506108604966377,0.06633321594476667,0.001953125
1895,0.000647905720600798,0.06412718305078828,0.001953125
1896,0.0006452237793562837,0.06205146674405308,0.001953125
1897,0.000642563810416857,0.06009986678806925,0.001953125
1898,0.0006399246960276187,0.0582663925826954,0.001953125
1899,0.0006373054170990752,0.05654525224760413,0.001953125
1900,0.0006347050441898743,0.054930843248055805,0.001953125
1901,0.0006321227293150241,0.053417744540464766,0.001953125
1902,0.0006295576985040166,0.05200071018623965,0.001953125
1903,0.0006270092450402027,0.05067466435220912,0.001953125
1904,0.0006269101019337355,0.11064156708929493,0.00390625
1905,0.0006239540551697851,0.10597589655483294,0.001953125
1906,0.0006210538531042168,0.1015495664973627,0.001953125
1907,0.0006182052408864494,0.09735193134520045,0.001953125
1908,0.0006154043496959755,0.0933728298759508,0.001953125
1909,0.0006126476614153523,0.08960255827496037,0.001953125
1910,0.0006099319765374028,0.08603184416646756,0.001953125
1911,0.0006072543850105328,0.0826518216043752,0.001953125
1912,0.0006046122397531678,0.07945400702203918,0.001953125
1913,0.0006020031325929465,0.07643027615318723,0.001953125
1914,0.0005994248724086779,0.07357284194865105,0.001953125
1915,0.0005968754652733928,0.07087423352549979,0.001953125
1916,0.0005943530964152861,0.06832727619579272,0.001953125
1917,0.0005918561138301139,0.06592507263083962,0.001953125
1918,0.0005893830133938554,0.06366098522284137,0.001953125
1919,0.0005869324253382824,0.06152861970836448,0.001953125
1920,0.0005845031019646603,0.059521810116633135,0.001953125
1921,0.000582093906482228,0.05763460509959603,0.001953125
1922,0.0005797038028684785,0.05586125568984538,0.001953125
1923,0.0005773318466576922,0.05419620451672095,0.001953125
1924,0.0005749771765727406,0.0526340764906347,0.001953125
1925,0.0005726390069229552,0.05116967094147737,0.001953125
1926,0.0005703166206979279,0.04979795516993761,0.001953125
1927,0.0005680093632935285,0.048514059342008954,0.001953125
1928,0.0005657166368122573,0.04731327262843166,0.001953125
1929,0.0005653459885062525,0.10194827501259707,0.00390625
1930,0.0005627112899505313,0.09767864208411266,0.001953125
1931,0.0005601242188141275,0.09362917091949738,0.001953125
1932,0.0005575811859414529,0.08979007731106446,0.001953125
1933,0.0005550789276313737,0.0861520188541849,0.001953125
1934,0.0005526144758543438,0.08270607000376974,0.001953125
1935,0.0005501851311961789,0.0794436980451776,0.001953125
1936,0.0005477884382788418,0.07635673997570447,0.001953125
1937,0.0005454221634314601,0.07343738030488368,0.001953125
1938,0.0005430842744055634,0.07067812979386885,0.001953125
1939,0.0005407729219473848,0.06807180516572707,0.001953125
1940,0.0005384864230572093,0.06561150982898203,0.001953125
1941,0.0005362232457813154,0.06329061566557671,0.001953125
1942,0.0005339819953961952,0.061102745940891934,0.001953125
1943,0.0005317614018575887,0.05904175939686784,0.001953125
1944,0.0005295603083985355,0.05710173558899021,0.001953125
1945,0.000527377661171246,0.055276961523396305,0.001953125
1946,0.0005252124998372294,0.053561919641283,0.001953125
1947,0.0005230639490188652,0.051951277184070964,0.001953125
1948,0.0005209312105335473,0.05043987695460238,0.001953125
1949,0.000518813556338757,0.04902272946757282,0.001953125
1950,0.0005167103221229768,0.047695006457305525,0.001953125
1951,0.0005146209014833165,0.046452035684059,0.001953125
1952,0.0005125447406361376,0.045289296952748616,0.001953125
1953,0.0005123033016737649,0.09807804231727336,0.00390625
1954,0.0005099091123872129,0.09395971988475897,0.001953125
1955,0.000507558901524625,0.09005334615996309,0.001953125
1956,0.0005052493393119064,0.08634949956414822,0.001953125
1957,0.0005029773979990576,0.08283918520230935,0.001953125
1958,0.0005007403242209734,0.0795138109054716,0.001953125
1959,0.0004985356138886314,0.07636516414526412,0.001953125
1960,0.0004963609893790082,0.07338538981405618,0.001953125
1961,0.0004942143788132662,0.07056696887537232,0.001953125
1962,0.0004920938972320266,0.06790269790080943,0.001953125
1963,0.000489997829494044,0.06538566952085051,0.001953125
1964,0.00048792461474050187,0.06300925382729994,0.001953125
1965,0.0004858728322815918,0.060767080773966906,0.001953125
1966,0.0004838411887751617,0.058653023629055265,0.001953125
1967,0.0004818285065791434,0.05666118353681862,0.001953125
1968,0.0004798337131702941,0.05478587524678006,0.001953125
1969,0.00047785583153163127,0.05302161406566035,0.001953125
1970,0.00047589397141987045,0.051363104079726024,0.001953125
1971,0.00047394732143230493,0.049805227683401274,0.001953125
1972,0.00047201514179993133,0.048343036433802486,0.001953125
1973,0.0004700967578403353,0.04697174323078328,0.001953125
1974,0.0004681915540099321,0.0456867157988768,0.001953125
1975,0.00046629896850069167,0.04448347142225138,0.001953125
1976,0.00046441848833149864,0.043357672857762874,0.001953125
1977,0.0004642864262626718,0.09435862839459294,0.00390625
1978,0.0004621102127618941,0.09038640001453785,0.001953125
1979,0.0004599746159784653,0.08661821528013068,0.001953125
1980,0.0004578765467186718,0.0830450014457338,0.001953125
1981,0.00045581319606975956,0.079658097804399,0.001953125
1982,0.00045378200975010135,0.07644923267772341,0.001953125
1983,0.0004517806648076293,0.07341050123860911,0.001953125
1984,0.00044980704845154127,0.07053434415767945,0.001953125
1985,0.00044785923882197613,0.0678135270749064,0.001953125
1986,0.00044593548752022987,0.06524112090896746,0.001953125
1987,0.0004440342037383319,0.0628104830276123,0.001953125
1988,0.0004421539398415559,0.06051523931241669,0.001953125
1989,0.0004402933782708436,0.05834926716019884,0.001953125
1990,0.0004384513196443031,0.05630667947046779,0.001953125
1991,0.00043662667194800035,0.054381809672938104,0.001953125
1992,0.000434818440716318,0.05256919785076746,0.001953125
1993,0.0004330257201112843,0.05086357801321396,0.001953125
1994,0.00043124768481856785,0.049259866565458284,0.001953125
1995,0.00042948358268537205,0.04775315201318102,0.001953125
1996,0.0004277327280323049,0.04633868592516192,0.001953125
1997,0.00042599449557752163,0.04501187515900534,0.001953125
1998,0.00042426831491708394,0.0437682753337306,0.001953125
1999,0.0004225536655106133,0.042603585509333096,0.001953125
2000,0.00042085007212597794,0.041513644008709306,0.001953125
2001,0.0004208101498591484,0.09078378796272883,0.00390625
2002,0.00041883157904443663,0.08695260381406468,0.001953125
2003,0.00041689052678204464,0.08331785461405002,0.001953125
2004,0.000414984127029539,0.079870803215219,0.001953125
2005,0.0004131097738479638,0.07660311032677118,0.001953125
2006,0.0004112650975981869,0.07350681241499266,0.001953125
2007,0.00040944794331649416,0.07057430039974175,0.001953125
2008,0.00040765635106991365,0.06779829913552884,0.001953125
2009,0.0004058885381100239,0.0651718476759089,0.001953125
2010,0.0004041428826605869,0.06268828033032778,0.001953125
2011,0.00040241790918942624,0.06034120853289481,0.001953125
2012,0.0004007122750286647,0.058124503552380746,0.001953125
2013,0.0003990247582198747,0.056032280081566445,0.001953125
2014,0.0003973542464719966,0.05405888075133751,0.001953125
2015,0.00039569972713015037,0.0521988616200368,0.001953125
2016,0.0003940602780627896,0.05044697869095995,0.001953125
2017,0.0003924350593831202,0.0487981755099707,0.001953125
2018,0.0003908233059284074,0.04724757189059399,0.001953125
2019,0.00038922432042778167,0.04579045380535801,0.001953125
2020,0.00038763746729551243,0.0444222644695672,0.001953125
2021,0.0003860621669924837,0.04313859662733304,0.001953125
2022,0.0003844978909038538,0.04193518603009528,0.001953125
2023,0.0003829441566856405,0.04080790607584961,0.001953125
2024,0.0003814005240372995,0.03975276355393192,0.001953125
2025,0.0003798665908612965,0.03876589541675688,0.001953125
2026,0.0003796384781047341,0.08365255094593044,0.00390625
2027,0.0003778738498165694,0.08014663549942969,0.001953125
2028,0.0003761412248023085,0.07682141723482154,0.001953125
2029,0.0003744381853908249,0.07366886602815005,0.001953125
2030,0.000372762533199487,0.0706813146569917,0.001953125
2031,0.0003711122690661958,0.06785143833724776,0.001953125
2032,0.00036948557481866165,0.06517223500806696,0.001953125
2033,0.00036788079671271664,0.0626370063610853,0.001953125
2034,0.0003662964303868584,0.060239339620054504,0.001953125
2035,0.00036473110719420954,0.05797309008682137,0.001953125
2036,0.0003631835817857871,0.05583236447914161,0.001953125
2037,0.00036165272083052153,0.05381150509451527,0.001953125
2038,0.00036013749276795276,0.051905074841596906,0.001953125
2039,0.0003586369584990586,0.05010784318620433,0.001953125
2040,0.00035715026292932825,0.04841477306195534,0.001953125
2041,0.00035567662728605397,0.04682100879557236,0.001953125
2042,0.0003542153421389612,0.0453218650934698,0.001953125
2043,0.00035276576105978345,0.043912817129082495,0.001953125
2044,0.0003513272948622851,0.042589491759414115,0.001953125
2045,0.00034989940636959155,0.04134765988463344,0.001953125
2046,0.00034848160566054937,0.040183229946652306,0.001953125
2047,0.0003470734457512607,0.03909224254218737,0.001953125
2048,0.00034567451867195074,0.03807086610380005,0.001953125
2049,0.00034428445190297444,0.0371153935799866,0.001953125
2050,0.00034413932906048847,0.08048073893341877,0.00390625
2051,0.0003425347518798993,0.07709920365550395,0.001953125
2052,0.0003409597360060695,0.07389162717118877,0.001953125
2053,0.0003394120384014466,0.07085027677149994,0.001953125
2054,0.0003378896195305243,0.06796777019915555,0.001953125
2055,0.000336390624736295,0.06523705599329442,0.001953125
2056,0.0003349133673217058,0.06265139454825071,0.001953125
2057,0.00033345631318002026,0.06020433988030936,0.001953125
2058,0.0003320180668322801,0.05788972210573574,0.001953125
2059,0.00033059735874304343,0.055701630642814415,0.001953125
2060,0.0003291930337973685,0.05363439815982544,0.001953125
2061,0.0003278040408327301,0.05168258529942008,0.001953125
2062,0.00032642942312928426,0.04984096621725607,0.001953125
2063,0.0003250683097707446,0.048104514978487674,0.001953125
2064,0.00032371990779616147,0.04646839285923798,0.001953125
2065,0.00032238349507019554,0.0449279366009889,0.001953125
2066,0.0003210584138061067,0.04347864766346243,0.001953125
2067,0.0003197440646816988,0.04211618251571054,0.001953125
2068,0.00031843990149393517,0.04083634399563882,0.001953125
2069,0.0003171454263029073,0.039635073755139257,0.001953125
2070,0.0003158601850203561,0.03850844579173725,0.001953125
2071,0.0003145837634020447,0.037452661048770514,0.001953125
2072,0.00031331578340701064,0.03646404304546731,0.001953125
2073,0.0003120558998901075,0.035539034476940304,0.001953125
2074,0.0003119811742015995,0.07743192481011257,0.00390625
2075,0.00031052184446171097,0.07417046071613893,0.001953125
2076,0.0003090898244595354,0.0710764693969939,0.001953125
2077,0.00030768303314937875,0.06814250428078815,0.001953125
2078,0.00030629957833778977,0.06536145719297894,0.001953125
2079,0.00030493773940046243,0.06272653947771861,0.001953125
2080,0.0003035959515814233,0.06023126380134186,0.001953125
2081,0.0003022727917296423,0.05786942662993679,0.001953125
2082,0.00030096696534146736,0.055635091381787204,0.001953125
2083,0.0002996772947893296,0.053522572264464705,0.001953125
2084,0.00029840270862811465,0.05152641881519575,0.001953125
2085,0.00029714223188053617,0.04964140117145702,0.001953125
2086,0.0002958949772118814,0.047862496106123725,0.001953125
2087,0.0002946601369127045,0.046184873867420144,0.001953125
2088,0.00029343697561549795,0.04460388586788326,0.001953125
2089,0.000292224823678145,0.043115053268045704,0.001953125
2090,0.00029102307117310605,0.04171405649912401,0.001953125
2091,0.0002898311624268847,0.040396725764319324,0.001953125
2092,0.00028864859105939237,0.03915903255021431,0.001953125
2093,0.00028747489547744514,0.037997082168198165,0.001953125
2094,0.0002863096547808157,0.036907107331126364,0.001953125
2095,0.0002851524850430703,0.03588546275302989,0.001953125
2096,0.00028400303593287794,0.03492862074038495,0.001953125
2097,0.0002828609876446205,0.03403316772320168,0.001953125
2098,0.00028284566897982276,0.07450110859817756,0.00390625
2099,0.0002815181936522469,0.0713555476288887,0.001953125
2100,0.0002802159514942886,0.06837121629619827,0.001953125
2101,0.0002789370117298039,0.0655409433394002,0.001953125
2102,0.0002776796188398611,0.06285788422608328,0.001953125
2103,0.00027644217652361154,0.06031550301982824,0.001953125
2104,0.00027522323312756055,0.057907554900134176,0.001953125
2105,0.00027402146840880176,0.055628069324770255,0.001953125
2106,0.0002728356815100885,0.053471333833088816,0.001953125
2107,0.00027166478003579455,0.05143187849737925,0.001953125
2108,0.00027050777012797367,0.0495044610378293,0.001953125
2109,0.00026936374745095926,0.04768405262475261,0.001953125
2110,0.00026823188900132174,0.04596582439903898,0.001953125
2111,0.0002671114456676224,0.044345134747828925,0.001953125
2112,0.00026600173547131615,0.042817517376720356,0.001953125
2113,0.00026490213742644383,0.04137867022189618,0.001953125
2114,0.0002638120859614608,0.04002444524497178,0.001953125
2115,0.0002627310658517382,0.0387508391497425,0.001953125
2116,0.00026165860761598266,0.037553985053143724,0.001953125
2117,0.00026059428333410114,0.036430145132580305,0.001953125
2118,0.00025953770284792825,0.03537570425851978,0.001953125
2119,0.00025848851030976224,0.034387164605293834,0.001953125
2120,0.00025744638104686804,0.03346114121507415,0.001953125
2121,0.0002564110187130192,0.03259435847085161,0.001953125
2122,0.0002553821527008,0.03178364741498274,0.001953125
2123,0.00025523777975999763,0.0686498296733661,0.00390625
2124,0.0002540533528424608,0.06577136122031801,0.001953125
2125,0.00025289045208181716,0.06304120667157039,0.001953125
2126,0.00025174744874196923,0.06045277511747656,0.001953125
2127,0.0002506228618431077,0.05799977366758222,0.001953125
2128,0.00024951534463972557,0.05567619065959023,0.001953125
2129,0.00024842367233658376,0.05347627948114798,0.001953125
2130,0.0002473467309292899,0.05139454300097921,0.001953125
2131,0.0002462835070665308,0.049425718613984426,0.001953125
2132,0.0002452330788404215,0.04756476391305276,0.001953125
2133,0.00024419460742000046,0.04580684300816256,0.001953125
2134,0.00024316732945067895,0.044147313520529516,0.001953125
2135,0.00024215055014951837,0.04258171428566915,0.001953125
2136,0.0002411436370326317,0.041105753803814434,0.001953125
2137,0.00024014601421683623,0.039715299478704565,0.001953125
2138,0.00023915715724298313,0.03840636768589732,0.001953125
2139,0.00023817658837320304,0.03717511470908999,0.001953125
2140,0.00023720387231868,0.03601782857721306,0.001953125
2141,0.00023623861235853703,0.03493092182620133,0.001953125
2142,0.0002352804468140268,0.03391092519746471,0.001953125
2143,0.00023432904584549764,0.03295448227051395,0.001953125
2144,0.0002333841085425849,0.032058345010515736,0.001953125
2145,0.00023244536028078103,0.031219370193534917,0.001953125
2146,0.00023151255031999795,0.03043451665381728,0.001953125
2147,0.00023142234989105624,0.06604888288852315,0.00390625
2148,0.00023034490635700228,0.06327260488013273,0.001953125
2149,0.00022928735072661854,0.06063911128614318,0.001953125
2150,0.00022824817187379117,0.0581420552022549,0.001953125
2151,0.0002272259957921193,0.055775377503406685,0.001953125
2152,0.0002262195730461869,0.053533290715252556,0.001953125
2153,0.00022522776737168433,0.051410263470746495,0.001953125
2154,0.00022424954531919945,0.04940100554656497,0.001953125
2155,0.00022328396684612685,0.047500453481765105,0.001953125
2156,0.00022233017676989396,0.04570375678882403,0.001953125
2157,0.00022138739700364654,0.04400626477476215,0.001953125
2158,0.00022045491950275866,0.0424035139970861,0.001953125
2159,0.00021953209985708846,0.04089121638540612,0.001953125
2160,0.0002186183514698605,0.03946524806435699,0.001953125
2161,0.00021771314026946734,0.03812163891643774,0.001953125
2162,0.0002168159799054002,0.03685656292415334,0.001953125
2163,0.00021592642738398548,0.035666329329022854,0.001953125
2164,0.00021504407910366173,0.0345473746403408,0.001953125
2165,0.00021416856725321859,0.033496255518918557,0.001953125
2166,0.00021329955653976668,0.0325096425504459,0.001953125
2167,0.00021243674121625185,0.031584314909867496,0.001953125
2168,0.0002115798423810887,0.03071715590274991,0.001953125
2169,0.00021072860552500138,0.029905149352715574,0.001953125
2170,0.00020988279830243793,0.029145376786505778,0.001953125
2171,0.0002098386148551655,0.06354848172920018,0.00390625
2172,0.00020885834222819438,0.060870842988791404,0.001953125
2173,0.00020789644618560016,0.058330666094237676,0.001953125
2174,0.00020695152470451574,0.05592183891297356,0.001953125
2175,0.00020602230301099966,0.0536385271795883,0.001953125
2176,0.00020510762193451422,0.051475159004158055,0.001953125
2177,0.00020420642732856426,0.049426409939707885,0.001953125
2178,0.0002033177604598872,0.04748718860194687,0.001953125
2179,0.0002024407492775204,0.04565262284166398,0.001953125
2180,0.000201574600481191,0.04391804647754824,0.001953125
2181,0.00020071859231584845,0.04227898660446395,0.001953125
2182,0.0001998720680258585,0.0407311514990685,0.001953125
2183,0.0001990344299084663,0.03927041915074588,0.001953125
2184,0.00019820513391166278,0.03789282645074458,0.001953125
2185,0.00019738368472661344,0.036594559075730275,0.001953125
2186,0.00019656963132937063,0.035371942103276384,0.001953125
2187,0.00019576256293073687,0.03422143139574941,0.001953125
2188,0.00019496210529691132,0.03313960578531423,0.001953125
2189,0.0001941679174069736,0.03212316008622874,0.001953125
2190,0.00019337968841636678,0.031168898951224322,0.001953125
2191,0.00019259713489836415,0.030273731576779442,0.001953125
2192,0.00019181999833806977,0.02943466724789597,0.001953125
2193,0.00019104804285583342,0.028648811697194573,0.001953125
2194,0.00019028105313907516,0.027913364236540627,0.001953125
2195,0.00019027574858263753,0.06114458779842237,0.00390625
2196,0.00018938375413222506,0.058562154999038475,0.001953125
2197,0.0001885087417638599,0.056112060639793494,0.001953125
2198,0.00018764941066852785,0.05378841849294863,0.001953125
2199,0.00018680457812599304,0.0515856106048302,0.001953125
2200,0.0001859731686974725,0.04949827241622318,0.001953125
2201,0.0001851542044077347,0.04752127841751392,0.001953125
2202,0.00018434679582603666,0.04564972833032954,0.001953125
2203,0.00018355013396360973,0.043878933814253625,0.001953125
2204,0.00018276348291293573,0.04220440570420487,0.001953125
2205,0.00018198617316090188,0.040621841791034084,0.001953125
2206,0.00018121759551413777,0.039127115164551585,0.001953125
2207,0.00018045719558048854,0.03771626314421365,0.001953125
2208,0.000179704468755708,0.03638547682769945,0.001953125
2209,0.00017895895566911774,0.03513109129120072,0.001953125
2210,0.00017822023804621258,0.03394957647702377,0.001953125
2211,0.00017748793495003993,0.03283752880370157,0.001953125
2212,0.00017676169936667533,0.03179166353093442,0.001953125
2213,0.00017604121510329123,0.030808807906136236,0.001953125
2214,0.0001753261939702003,0.029885895111121757,0.001953125
2215,0.0001746163732208749,0.029019959016670486,0.001953125
2216,0.00017391151322632416,0.02820812973968272,0.001953125
2217,0.00017321139536237263,0.027447629982936508,0.001953125
2218,0.00017251582009034889,0.02673577212176979,0.001953125
2219,0.00017182460521347726,0.02606995598619223,0.001953125
2220,0.0001717313754573696,0.0563427938000159,0.00390625
2221,0.00017093529205574308,0.053979654805261394,0.001953125
2222,0.00017015369686777777,0.051738253700576255,0.001953125
2223,0.00016938549256922838,0.049613180637911355,0.001953125
2224,0.00016862968139448757,0.04759927046893792,0.001953125
2225,0.00016788535602533646,0.045691588965399405,0.001953125
2226,0.00016715169131383995,0.043885419541830485,0.001953125
2227,0.0001664279367630186,0.04217625047760415,0.001953125
2228,0.00016571340969592143,0.040559762641911204,0.001953125
2229,0.00016500748905007352,0.03903181773194099,0.001953125
2230,0.00016430960974004466,0.03758844704097168,0.001953125
2231,0.00016361925753612588,0.036225840778993636,0.001953125
2232,0.00016293596441186212,0.034940337973534276,0.001953125
2233,0.00016225930431751717,0.033728416982152044,0.001953125
2234,0.00016158888934047496,0.03258668665023681,0.001953125
2235,0.00016092436621715215,0.03151187814793434,0.001953125
2236,0.0001602654131642407,0.03050083751789861,0.001953125
2237,0.0001596117370000445,0.02955051896096127,0.001953125
2238,0.00015896307052935162,0.028657978879617074,0.001953125
2239,0.00015831917016771436,0.02782037068954652,0.001953125
2240,0.00015767981378321923,0.0270349403975056,0.001953125
2241,0.00015704479873583483,0.026299022930268416,0.001953125
2242,0.00015641394009624878,0.025610039184546633,0.001953125
2243,0.0001557870690277615,0.02496549375270432,0.001953125
2244,0.00015572958958162057,0.05420917625840102,0.00390625
2245,0.00015500522232519474,0.05192996937447932,0.001953125
2246,0.00015429424248121062,0.04976796238400114,0.001953125
2247,0.00015359563194665017,0.0477179456650929,0.001953125
2248,0.00015290846501030963,0.045774945879356196,0.001953125
2249,0.0001522318998973398,0.043934212735679753,0.001953125
2250,0.00015156517108789333,0.042191206233806365,0.001953125
2251,0.00015090758233900767,0.04054158438317372,0.001953125
2252,0.0001502585003453406,0.03898119139883503,0.001953125
2253,0.00014961734898026933,0.037506046382622914,0.001953125
2254,0.00014898360406421986,0.03611233250392923,0.001953125
2255,0.00014835678861195703,0.03479638670026094,0.001953125
2256,0.00014773646851498504,0.033554689922778824,0.001953125
2257,0.00014712224861922313,0.0323838579559803,0.001953125
2258,0.00014651376916176808,0.03128063284318398,0.001953125
2259,0.00014591070253386782,0.03024187495015987,0.001953125
2260,0.00014531275034024082,0.02926455569781915,0.001953125
2261,0.00014471964072761042,0.02834575099110716,0.001953125
2262,0.00014413112595780628,0.02748263536502515,0.001953125
2263,0.00014354698020304244,0.026672476860083717,0.001953125
2264,0.0001429669975430311,0.025912632628676983,0.001953125
2265,0.00014239099014545377,0.025200545261255935,0.001953125
2266,0.00014181878661300275,0.02453373980733546,0.001953125
2267,0.00014125023048174306,0.02390982145200083,0.001953125
2268,0.00014122314727107608,0.05215787450503699,0.00390625
2269,0.00014056395398241863,0.04995967735157904,0.001953125
2270,0.00013991713225379888,0.04787431182267198,0.001953125
2271,0.00013928173747635746,0.0458967609555154,0.001953125
2272,0.00013865691078218084,0.04402223592535655,0.001953125
2273,0.00013804187119743027,0.04224616333173034,0.001953125
2274,0.00013743590851386116,0.04056417294324074,0.001953125
2275,0.00013683837681296223,0.03897208589512505,0.001953125
2276,0.00013624868858296566,0.03746590333978132,0.001953125
2277,0.0001356663093744494,0.03604179555649075,0.001953125
2278,0.00013509075294522156,0.03469609153253566,0.001953125
2279,0.00013452157684969255,0.03342526903355145,0.001953125
2280,0.00013395837843204036,0.03222594518596557,0.001953125
2281,0.00013340079118620096,0.03109486759843854,0.001953125
2282,0.0001328484814490999,0.030028906051985393,0.001953125
2283,0.00013230114539661622,0.029025044789578947,0.001953125
2284,0.00013175850631456248,0.02808037543521386,0.001953125
2285,0.00013122031211950256,0.027192090569404963,0.001953125
2286,0.000130686333106534,0.026357477982772326,0.001953125
2287,0.000130156359903256,0.025573915621730264,0.001953125
2288,0.00012963020161104523,0.024838867230508283,0.001953125
2289,0.00012910768411649267,0.02414987868212105,0.001953125
2290,0.0001285886485574209,0.02350457497796835,0.001953125
2291,0.00012807294992933126,0.022900657882127317,0.001953125
2292,0.00012807156775311302,0.050185607882140784,0.00390625
2293,0.00012747161284071517,0.048065595949045435,0.001953125
2294,0.0001268830918779291,0.04605421074694345,0.001953125
2295,0.00012630512843803438,0.0441466207037927,0.001953125
2296,0.00012573692566319225,0.04233821450344145,0.001953125
2297,0.00012517775898235876,0.04062458887397338,0.001953125
2298,0.0001246269694958827,0.039001536814670175,0.001953125
2299,0.0001240839579657503,0.037465036254708116,0.001953125
2300,0.00012354817935602929,0.036011239142306174,0.001953125
2301,0.00012301913787313924,0.03463646096879079,0.001953125
2302,0.00012249638246018834,0.033337170737764564,0.001953125
2303,0.00012197950270380544,0.032109981395036694,0.001953125
2304,0.00012146812511570203,0.030951640739925942,0.001953125
2305,0.00012096190975465726,0.0298590228426749,0.001953125
2306,0.00012046054715775875,0.02882911999569105,0.001953125
2307,0.00011996375555258662,0.02785903522782638,0.001953125
2308,0.00011947127832461914,0.02694597541062068,0.001953125
2309,0.00011898288171649403,0.026087244983119318,0.001953125
2310,0.00011849835273789864,0.0252802403173784,0.001953125
2311,0.000118017497266805,0.02452244474005615,0.001953125
2312,0.00011754013832453186,0.023811424216670783,0.001953125
2313,0.00011706611450871953,0.023144823694456817,0.001953125
2314,0.00011659527856975992,0.022520364087707197,0.001953125
2315,0.00011612749611754834,0.021935839876627877,0.001953125
2316,0.00011566264444662578,0.02138911727774296,0.001953125
2317,0.00011560159979311695,0.04624467917018546,0.00390625
2318,0.00011506606501708194,0.04430470195931528,0.001953125
2319,0.00011454028549292501,0.04246465068173041,0.001953125
2320,0.00011402352189000651,0.040720084803352145,0.001953125
2321,0.00011351510196087952,0.03906676469051718,0.001953125
2322,0.00011301441440203615,0.03750064030068713,0.001953125
2323,0.00011252090327670983,0.03601784028517413,0.001953125
2324,0.00011203406294827561,0.03461466150128954,0.001953125
2325,0.0001115534334775019,0.03328755893677152,0.001953125
2326,0.00011107859644118677,0.03203313605481763,0.001953125
2327,0.00011060917113360038,0.030848135573339496,0.001953125
2328,0.00011014481111568587,0.02972943069692194,0.001953125
2329,0.0001096852010801811,0.028674016824127103,0.001953125
2330,0.00010923005400373774,0.027679003755925708,0.001953125
2331,0.00010877910855976229,0.026741608432849208,0.001953125
2332,0.00010833212676810906,0.02585914822864003,0.001953125
2333,0.00010788889185994125,0.025029034826483092,0.001953125
2334,0.00010744920633806037,0.0242487687001575,0.001953125
2335,0.00010701289021480867,0.02351593421658865,0.001953125
2336,0.00010657977941128738,0.02282819536837867,0.001953125
2337,0.00010614972430312154,0.022183292135167242,0.001953125
2338,0.00010572258839935532,0.021579037461501766,0.001953125
2339,0.0001052982471422887,0.021013314826793566,0.001953125
2340,0.00010487658681718354,0.020484076370539003,0.001953125
2341,0.00010483930607976557,0.04449401092158106,0.00390625
2342,0.00010435193423749095,0.04262295549146972,0.001953125
2343,0.00010387357723408829,0.040848101431918506,0.001953125
2344,0.000103403549108059,0.03916517253084385,0.001953125
2345,0.00010294122615210634,0.03757008656240093,0.001953125
2346,0.00010248604121575917,0.036058944423601004,0.001953125
2347,0.0001020374785295976,0.03462801966445595,0.001953125
2348,0.0001015950690033262,0.033273748407888104,0.001953125
2349,0.00010115838595431264,0.03199271966080024,0.001953125
2350,0.000100727041227182,0.030781666022918253,0.001953125
2351,0.00010030068166866402,0.02963745480511848,0.001953125
2352,9.987898592516935e-05,0.028557079573709742,0.001953125
2353,9.946166153354795e-05,0.02753765214129586,0.001953125
2354,9.9048442278188e-05,0.026576395028108754,0.001953125
2355,9.863908579007112e-05,0.025670634419775816,0.001953125
2356,9.823337136563253e-05,0.02481779364807809,0.001953125
2357,9.783109798530197e-05,0.024015387220116386,0.001953125
2358,9.743208251344428e-05,0.023261015418244074,0.001953125
2359,9.703615806309225e-05,0.02255235948805933,0.001953125
2360,9.664317251038417e-05,0.021887177424707673,0.001953125
2361,9.625298714500062e-05,0.0212633003589012,0.001953125
2362,9.58654754441493e-05,0.020678629533734196,0.001953125
2363,9.548052195878664e-05,0.020131133852026997,0.001953125
2364,9.509802130180075e-05,0.019618847962139373,0.001953125
2365,9.508095749176337e-05,0.04281079859987908,0.00390625
2366,9.4637370275137e-05,0.041006262240263866,0.001953125
2367,9.420211447532255e-05,0.03929434194515651,0.001953125
2368,9.37745536430794e-05,0.037670919619385915,0.001953125
2369,9.335410910201665e-05,0.036132064463025075,0.001953125
2370,9.294025466128997e-05,0.03467402253666761,0.001953125
2371,9.25325118123575e-05,0.033293206702876034,0.001953125
2372,9.21304453654782e-05,0.03198618693900486,0.001953125
2373,9.173365948569274e-05,0.03074968102147176,0.001953125
2374,9.134179409171364e-05,0.02958054558651633,0.001953125
2375,9.095452158449902e-05,0.028475767577386336,0.001953125
2376,9.057154387532661e-05,0.027432456092525065,0.001953125
2377,9.01925896859483e-05,0.026447834653458954,0.001953125
2378,8.9817412095915e-05,0.025519233914433913,0.001953125
2379,8.944578631444323e-05,0.024644084838136585,0.001953125
2380,8.907750765626582e-05,0.023819912362782955,0.001953125
2381,8.871238970279139e-05,0.02304432958520994,0.001953125
2382,8.835026263160726e-05,0.022315032482169803,0.001953125
2383,8.799097169891358e-05,0.021629795187691984,0.001953125
2384,8.763437586088709e-05,0.020986465838140834,0.001953125
2385,8.728034652125553e-05,0.020382962988591408,0.001953125
2386,8.692876639352781e-05,0.01981727259463731,0.001953125
2387,8.657952846738238e-05,0.019287445543141934,0.001953125
2388,8.623253506967864e-05,0.01879159570427194,0.001953125
2389,8.58876970114278e-05,0.018327898466020627,0.001953125
2390,8.58287959287753e-05,0.03945202803348777,0.00390625
2391,8.543271863949579e-05,0.037800853771508165,0.001953125
2392,8.504375134921329e-05,0.036234878379570665,0.001953125
2393,8.466135715743928e-05,0.03475031673954466,0.001953125
2394,8.428504787104625e-05,0.03334355453166842,0.001953125
2395,8.391437954674086e-05,0.03201113857168215,0.001953125
2396,8.354894844162872e-05,0.03074976750211547,0.001953125
2397,8.318838733450907e-05,0.029556282836613476,0.001953125
2398,8.283236218395802e-05,0.028427660360901164,0.001953125
2399,8.248056909236633e-05,0.02736100189868356,0.001953125
2400,8.213273154792101e-05,0.026353527455273258,0.001953125
2401,8.17885979190841e-05,0.025402567755809694,0.001953125
2402,8.144793917845192e-05,0.024505557198334946,0.001953125
2403,8.111054683499428e-05,0.023660027244449613,0.001953125
2404,8.07762310555961e-05,0.022863600271520637,0.001953125
2405,8.044481895857026e-05,0.02211398391020127,0.001953125
2406,8.011615306339715e-05,0.021408965889149797,0.001953125
2407,7.979008988238816e-05,0.020746409405169437,0.001953125
2408,7.946649864127946e-05,0.020124249031508015,0.001953125
2409,7.914526011695223e-05,0.01954048716984295,0.001953125
2410,7.882626558155614e-05,0.018993191042757384,0.001953125
2411,7.850941584329459e-05,0.01848049021364221,0.001953125
2412,7.819462037502208e-05,0.018000574610409364,0.001953125
2413,7.788179652261426e-05,0.017551693018739267,0.001953125
2414,7.784145248094937e-05,0.03795776808272366,0.00390625
2415,7.748099220896367e-05,0.036365225521462895,0.001953125
2416,7.7127102056723e-05,0.034854706041850744,0.001953125
2417,7.6779283880384e-05,0.03342256469099018,0.001953125
2418,7.643708473726969e-05,0.032065321446757424,0.001953125
2419,7.61000927491765e-05,0.030779651935493955,0.001953125
2420,7.576793334440023e-05,0.029562378487714678,0.001953125
2421,7.544026584380866e-05,0.028410461529649773,0.001953125
2422,7.51167803594621e-05,0.02732099131290856,0.001953125
2423,7.479719497716756e-05,0.02629117998904372,0.001953125
2424,7.448125319697137e-05,0.025318354040139532,0.001953125
2425,7.416872160797557e-05,0.024399947080547203,0.001953125
2426,7.385938777602501e-05,0.02353349304831224,0.001953125
2427,7.355305832477614e-05,0.02271661980743062,0.001953125
2428,7.324955719244332e-05,0.021947043183573354,0.001953125
2429,7.294872404813832e-05,0.021222561456089428,0.001953125
2430,7.265041285319235e-05,0.02054105032772866,0.001953125
2431,7.235449055418692e-05,0.019900458390476036,0.001953125
2432,7.206083589563507e-05,0.019298803101104173,0.001953125
2433,7.176933834135904e-05,0.01873416727358618,0.001953125
2434,7.14798970946126e-05,0.018204696087547413,0.001953125
2435,7.119242020790799e-05,0.01770859460277764,0.001953125
2436,7.09068237743346e-05,0.01724412575989953,0.001953125
2437,7.062303119290865e-05,0.01680960883711369,0.001953125
2438,7.059855794651393e-05,0.03652110178620091,0.00390625
2439,7.027048059041422e-05,0.034985147719375255,0.001953125
2440,6.994847502405117e-05,0.033528159654049754,0.001953125
2441,6.963207905957831e-05,0.03214662750383746,0.001953125
2442,6.932087245652903e-05,0.03083720043457788,0.001953125
2443,6.90144730828649e-05,0.029596677947952295,0.001953125
2444,6.871253342748478e-05,0.028422001287976402,0.001953125
2445,6.841473743201754e-05,0.027310245167236936,0.001953125
2446,6.812079761266718e-05,0.026258609813969196,0.001953125
2447,6.783045244555497e-05,0.02526441334535481,0.001953125
2448,6.754346399143535e-05,0.024325084476606244,0.001953125
2449,6.725961573786967e-05,0.02343815557931452,0.001953125
2450,6.697871063894943e-05,0.02260125610595431,0.001953125
2451,6.67005693344824e-05,0.021812106400130555,0.001953125
2452,6.642502853221185e-05,0.021068511913865714,0.001953125
2453,6.615193953814218e-05,0.02036835785372981,0.001953125
2454,6.588116692141198e-05,0.01970960427669843,0.001953125
2455,6.561258730139595e-05,0.019090281654133734,0.001953125
2456,6.534608824584559e-05,0.018508486918145668,0.001953125
2457,6.508156726990262e-05,0.01796237999883022,0.001953125
2458,6.481893092675005e-05,0.017450180853639,0.001953125
2459,6.455809398151123e-05,0.01697016698167168,0.001953125
2460,6.429897866077517e-05,0.016520671406376766,0.001953125
2461,6.404151397082478e-05,0.016100081100470454,0.001953125
2462,6.403054766408023e-05,0.035139747849288264,0.00390625
2463,6.373191595562652e-05,0.033658407976213965,0.001953125
2464,6.343889600148415e-05,0.032253091300065574,0.001953125
2465,6.315105897188248e-05,0.03092041751083262,0.001953125
2466,6.28680149648795e-05,0.029657160055845764,0.001953125
2467,6.258940944372143e-05,0.028460237575164502,0.001953125
2468,6.231492000036652e-05,0.027326705645627097,0.001953125
2469,6.204425341531199e-05,0.026253748829586133,0.001953125
2470,6.177714298659656e-05,0.025238673028349107,0.001953125
2471,6.15133461033352e-05,0.024278898144418557,0.001953125
2472,6.125264204139812e-05,0.023371951060649796,0.001953125
2473,6.0994829960896287e-05,0.022515458948250435,0.001953125
2474,6.07397270869977e-05,0.021707142918937848,0.001953125
2475,6.048716705728971e-05,0.020944812039327836,0.001953125
2476,6.0236998420439813e-05,0.02022635772751628,0.001953125
2477,5.9989083272303296e-05,0.01954974855260578,0.001953125
2478,5.974329601689374e-05,0.01891302545741357,0.001953125
2479,5.9499522240785374e-05,0.01831429742261506,0.001953125
2480,5.925765769056171e-05,0.017751737587036222,0.001953125
2481,5.9017607343876886e-05,0.017223579833706943,0.001953125
2482,5.8779284565558855e-05,0.016728115844730957,0.001953125
2483,5.854261034096876e-05,0.016263692620236348,0.001953125
2484,5.8307512579543436e-05,0.015828710447976093,0.001953125
2485,5.80739254820958e-05,0.015421621300980846,0.001953125
2486,5.7841788966035655e-05,0.015040927631527394,0.001953125
2487,5.7802534674791935e-05,0.03238288645280325,0.00390625
2488,5.753586756308785e-05,0.031027443610432585,0.001953125
2489,5.7273989590004774e-05,0.029741935743221388,0.001953125
2490,5.7016538999582845e-05,0.028523255868033233,0.001953125
2491,5.676318685529414e-05,0.027368437216067906,0.001953125
2492,5.65136340365141e-05,0.026274645301649666,0.001953125
2493,5.6267608509969676e-05,0.025239170281596834,0.001953125
2494,5.602486285098921e-05,0.024259419604221438,0.001953125
2495,5.5785171991683864e-05,0.023332910950877875,0.001953125
2496,5.554833117528478e-05,0.022457265476835173,0.001953125
2497,5.531415409776152e-05,0.02163020136193898,0.001953125
2498,5.5082471219575945e-05,0.020849527684876256,0.001953125
2499,5.485312823199497e-05,0.020113138637653113,0.001953125
2500,5.462598466381211e-05,0.019419008098923312,0.001953125
2501,5.440091261562296e-05,0.018765184585840342,0.001953125
2502,5.417779560997664e-05,0.018149786603945377,0.001953125
2503,5.3956527546794575e-05,0.01757099841307985,0.001953125
2504,5.373701175441907e-05,0.017027066224319085,0.001953125
2505,5.351916012753653e-05,0.016516294838437272,0.001953125
2506,5.3302892344021665e-05,0.016037044730507252,0.001953125
2507,5.308813515347747e-05,0.01558772957809314,0.001953125
2508,5.287482173090676e-05,0.015166814222399535,0.001953125
2509,5.266289108955256e-05,0.01477281304308625,0.001953125
2510,5.245228754749016e-05,0.014404288718704559,0.001953125
2511,5.242546088243084e-05,0.031156551588291153,0.00390625
2512,5.218275528206273e-05,0.02984924553904354,0.001953125
2513,5.194447534653654e-05,0.028609267750247306,0.001953125
2514,5.171028543204529e-05,0.027433626282581093,0.001953125
2515,5.147988035172315e-05,0.026319464592707297,0.001953125
2516,5.125298258829796e-05,0.025264053914385985,0.001953125
2517,5.102933976192895e-05,0.024264785916948015,0.001953125
2518,5.0808722329866506e-05,0.023319165639305858,0.001953125
2519,5.0590921496710245e-05,0.022424804701349322,0.001953125
2520,5.037574731598448e-05,0.021579414798258718,0.001953125
2521,5.0163026965515494e-05,0.020780801486836222,0.001953125
2522,4.995260318069864e-05,0.020026858276241982,0.001953125
2523,4.9744332831199847e-05,0.01931556103833538,0.001953125
2524,4.953808562796005e-05,0.018644962754956067,0.001953125
2525,4.933374294857276e-05,0.018013188620722213,0.001953125
2526,4.9131196770197386e-05,0.017418431520073867,0.001953125
2527,4.8930348700163254e-05,0.016858947896178377,0.001953125
2528,4.873110909532047e-05,0.01633305402682443,0.001953125
2529,4.8533396262012486e-05,0.01583912271851685,0.001953125
2530,4.8337135729289456e-05,0.015375580424690675,0.001953125
2531,4.814225958865686e-05,0.014940904787436775,0.001953125
2532,4.7948705894267934e-05,0.014533622594623168,0.001953125
2533,4.775641811802624e-05,0.014152308136153539,0.001953125
2534,4.7565344654571026e-05,0.01379558193475255,0.001953125
2535,4.7549149526189595e-05,0.029977456071620584,0.00390625
2536,4.732823313068813e-05,0.028716608383442824,0.001953125
2537,4.711140686615134e-05,0.027520579662963944,0.001953125
2538,4.6898359314287393e-05,0.026386488667317978,0.001953125
2539,4.6688807321326074e-05,0.02531158488673836,0.001953125
2540,4.648249341129266e-05,0.02429324122598767,0.001953125
2541,4.627918343609976e-05,0.023328946950740042,0.001953125
2542,4.607866444077585e-05,0.022416300896318974,0.001953125
2543,4.5880742724134285e-05,0.02155300493966378,0.001953125
2544,4.5685242076989416e-05,0.020736857738913116,0.001953125
2545,4.549200218166531e-05,0.01996574874843158,0.001953125
2546,4.530087715802981e-05,0.01923765252031709,0.001953125
2547,4.511173424263961e-05,0.018550623306236,0.001953125
2548,4.492445258880947e-05,0.0179027899756465,0.001953125
2549,4.4738922176534575e-05,0.017292351267885808,0.001953125
2550,4.455504282220887e-05,0.016717571396018777,0.001953125
2551,4.437272327900273e-05,0.016176776019602924,0.001953125
2552,4.419188041959979e-05,0.01566834860149234,0.001953125
2553,4.401243849375287e-05,0.015190727160417927,0.001953125
2554,4.3834328453809046e-05,0.014742401426364073,0.001953125
2555,4.365748734198108e-05,0.01432191039982699,0.001953125
2556,4.348185773371229e-05,0.013927840309100943,0.001953125
2557,4.330738723199925e-05,0.013558822952104836,0.001953125
2558,4.3134028008007125e-05,0.013213534401320975,0.001953125
2559,4.312688296161893e-05,0.02884373303638785,0.00390625
2560,4.292578219519343e-05,0.027627722028771444,0.001953125
2561,4.2728461783355574e-05,0.026474114482133854,0.001953125
2562,4.253463278320187e-05,0.02538013567355009,0.001953125
2563,4.234403248175811e-05,0.024343137101312442,0.001953125
2564,4.215642199543453e-05,0.023360589455064237,0.001953125
2565,4.197158408925401e-05,0.022430075839234346,0.001953125
2566,4.178932119573239e-05,0.02154928524648671,0.001953125
2567,4.160945361513233e-05,0.020716006281177438,0.001953125
2568,4.143181788048537e-05,0.019928121136156714,0.001953125
2569,4.125626527229735e-05,0.019183599829555857,0.001953125
2570,4.108266046923316e-05,0.018480494711325464,0.001953125
2571,4.091088032233168e-05,0.017816935252078045,0.001953125
2572,4.074081274144126e-05,0.017191123129055883,0.001953125
2573,4.0572355683601804e-05,0.01660132762560124,0.001953125
2574,4.040541623403982e-05,0.016045881361161942,0.001953125
2575,4.02399097712976e-05,0.015523176368450936,0.001953125
2576,4.007575920879387e-05,0.015031660532760963,0.001953125
2577,3.991289430581815e-05,0.014569834405539083,0.001953125
2578,3.975125104160242e-05,0.014136248400148209,0.001953125
2579,3.959077104669477e-05,0.013729500372369988,0.001953125
2580,3.943140108638919e-05,0.01334823358181499,0.001953125
2581,3.927309259144548e-05,0.012991135023274288,0.001953125
2582,3.911580123176984e-05,0.0126569341095239,0.001953125
2583,3.895948652912298e-05,0.012344401679590914,0.001953125
2584,3.893323742136713e-05,0.02658085139773701,0.00390625
2585,3.875365338551169e-05,0.025468188572330252,0.001953125
2586,3.8577295586071116e-05,0.02441293176967837,0.001953125
2587,3.840392027381432e-05,0.02341253062994,0.001953125
2588,3.823330581354772e-05,0.022464549896868045,0.001953125
2589,3.806525066030603e-05,0.0215666629077749,0.001953125
2590,3.7899571520825055e-05,0.020716645321951725,0.001953125
2591,3.7736101683333715e-05,0.019912369086740874,0.001953125
2592,3.7574689500254976e-05,0.01915179664363683,0.001953125
2593,3.741519700981665e-05,0.01843297537995598,0.001953125
2594,3.725749868385442e-05,0.017754032334646713,0.001953125
2595,3.710148029025379e-05,0.01711316916956091,0.001953125
2596,3.694703785953564e-05,0.016508657419807612,0.001953125
2597,3.679407674605063e-05,0.015938834038478424,0.001953125
2598,3.6642510775120786e-05,0.01540209725189036,0.001953125
2599,3.649226146825959e-05,0.01489690274136721,0.001953125
2600,3.6343257339322344e-05,0.014421760166338188,0.001953125
2601,3.619543325509289e-05,0.013975230041085128,0.001953125
2602,3.6048729854407316e-05,0.013555920973795625,0.001953125
2603,3.5903093020455676e-05,0.013162487271739232,0.001953125
2604,3.57584734013928e-05,0.012793626910525064,0.001953125
2605,3.561482597483568e-05,0.01244807985876022,0.001953125
2606,3.547210965222935e-05,0.012124626742326564,0.001953125
2607,3.5330286919431263e-05,0.01182208782530868,0.001953125
2608,3.531237765964459e-05,0.02557433309095411,0.00390625
2609,3.514892237105663e-05,0.024501188346372566,0.001953125
2610,3.498844853830721e-05,0.023483309965257344,0.001953125
2611,3.483073000574035e-05,0.02251824201602941,0.001953125
2612,3.467556113987494e-05,0.021603639714495283,0.001953125
2613,3.45227549512604e-05,0.02073726317015559,0.001953125
2614,3.437214138827895e-05,0.01991697136012783,0.001953125
2615,3.4223565787151966e-05,0.019140716329170953,0.001953125
2616,3.4076887463849896e-05,0.018406537617310058,0.001953125
2617,3.393197843491368e-05,0.017712556919584503,0.001953125
2618,3.378872225538587e-05,0.017056972985372246,0.001953125
2619,3.364701296312937e-05,0.0164380567674422,0.001953125
2620,3.350675411979413e-05,0.01585414683319873,0.001953125
2621,3.33678579395831e-05,0.015303645052338359,0.001953125
2622,3.323024449777929e-05,0.014785012576163806,0.001953125
2623,3.309384101173171e-05,0.014296766123930368,0.001953125
2624,3.2958581187666256e-05,0.013837474590694532,0.001953125
2625,3.282440462729507e-05,0.013405755989098175,0.001953125
2626,3.269125628874994e-05,0.013000274734316088,0.001953125
2627,3.255908599686578e-05,0.012619739277056664,0.001953125
2628,3.242784799829658e-05,0.01226290008415475,0.001953125
2629,3.2297500557358854e-05,0.011928547960137537,0.001953125
2630,3.2168005588874206e-05,0.011615512696463316,0.001953125
2631,3.203932832462345e-05,0.011322662028277837,0.001953125
2632,3.202855476827753e-05,0.024606572203702604,0.00390625
2633,3.187976750032306e-05,0.023571567125965174,0.001953125
2634,3.1733735709501244e-05,0.022589768711184392,0.001953125
2635,3.159024956269568e-05,0.021658811888607663,0.001953125
2636,3.1449118271696185e-05,0.020776438906427483,0.001953125
2637,3.131016835023535e-05,0.019940493324576883,0.001953125
2638,3.11732420305954e-05,0.019148914224966285,0.001953125
2639,3.1038195825176695e-05,0.01839973063701495,0.001953125
2640,3.090489921975586e-05,0.01769105617917829,0.001953125
2641,3.077323348637725e-05,0.01702108392005722,0.001953125
2642,3.064309060492496e-05,0.016388081465498146,0.001953125
2643,3.0514372283425326e-05,0.01579038628072944,0.001953125
2644,3.0386989068040902e-05,0.015226401258888559,0.001953125
2645,3.0260859534544473e-05,0.014694590549114003,0.001953125
2646,3.013590955381335e-05,0.014193475658542148,0.001953125
2647,3.00120716245672e-05,0.01372163184290041,0.001953125
2648,2.9889284267193055e-05,0.013277684799784792,0.001953125
2649,2.9767491473064958e-05,0.012860307677047812,0.001953125
2650,2.9646642204277357e-05,0.012468218405951047,0.001953125
2651,2.95266899391769e-05,0.012100177364870741,0.001953125
2652,2.9407592259499627e-05,0.011754985374479065,0.001953125
2653,2.9289310475304446e-05,0.011431482019632445,0.001953125
2654,2.917180928424259e-05,0.011128544286935093,0.001953125
2655,2.9055056462019514e-05,0.010845085500429012,0.001953125
2656,2.9050357968057494e-05,0.023676039306620943,0.00390625
2657,2.8914911349162163e-05,0.02267784216590959,0.001953125
2658,2.878201156459506e-05,0.021730868963239554,0.001953125
2659,2.865146392468824e-05,0.02083284206129129,0.001953125
2660,2.8523091413755754e-05,0.019981587437329452,0.001953125
2661,2.8396733072581026e-05,0.019175028912955673,0.001953125
2662,2.8272242528989628e-05,0.018411182591747368,0.001953125
2663,2.814948666294984e-05,0.01768815150207268,0.001953125
2664,2.8028344393884596e-05,0.01700412044506188,0.001953125
2665,2.7908705579006044e-05,0.01635735105046059,0.001953125
2666,2.779047001250836e-05,0.015746177045801772,0.001953125
2667,2.767354651638485e-05,0.015168999746899899,0.001953125
2668,2.7557852114481044e-05,0.014624283779960383,0.001953125
2669,2.74433112821632e-05,0.014110553047461238,0.001953125
2670,2.7329855264679494e-05,0.01362638695124465,0.001953125
2671,2.7217421457924828e-05,0.013170416886799107,0.001953125
2672,2.7105952845896144e-05,0.012741323022377436,0.001953125
2673,2.6995397489647982e-05,0.012337831375274165,0.001953125
2674,2.6885708063033394e-05,0.011958711195213865,0.001953125
2675,2.677684143094681e-05,0.011602772661378852,0.001953125
2676,2.6668758266177745e-05,0.011268864895199652,0.001953125
2677,2.656142270134043e-05,0.010955874285791997,0.001953125
2678,2.6454802012668067e-05,0.010662723119073096,0.001953125
2679,2.634886633275438e-05,0.010388368495416331,0.001953125
2680,2.624358838959236e-05,0.01013180151454452,0.001953125
2681,2.6225997760522807e-05,0.021818591830559498,0.00390625
2682,2.610503967013536e-05,0.02090523139752148,0.001953125
2683,2.5986255117649982e-05,0.02003899278292729,0.001953125
2684,2.5869479864782183e-05,0.01921778252039638,0.001953125
2685,2.5754564573902387e-05,0.018439601631754267,0.001953125
2686,2.564137344437173e-05,0.017702540283437217,0.001953125
2687,2.5529782973722986e-05,0.017004772638592455,0.001953125
2688,2.541968083225661e-05,0.01634455190420456,0.001953125
2689,2.5310964840668606e-05,0.015720205575185733,0.001953125
2690,2.5203542041277235e-05,0.015130130879965295,0.001953125
2691,2.5097327854279434e-05,0.014572790434602757,0.001953125
2692,2.499224531125222e-05,0.014046708114706841,0.001953125
2693,2.4888224358827065e-05,0.013550465156332717,0.001953125
2694,2.478520122611282e-05,0.013082696498402283,0.001953125
2695,2.4683117850030716e-05,0.01264208737989866,0.001953125
2696,2.4581921353259526e-05,0.012227370204988179,0.001953125
2697,2.44815635699743e-05,0.011837321688208075,0.001953125
2698,2.4382000615002947e-05,0.011470760289854358,0.001953125
2699,2.4283192492425805e-05,0.011126543948693694,0.001953125
2700,2.4185102740006935e-05,0.010803568115154842,0.001953125
2701,2.4087698106176777e-05,0.010500764083350135,0.001953125
2702,2.3990948256585937e-05,0.010217097614830908,0.001953125
2703,2.3894825507522805e-05,0.00995156784115289,0.001953125
2704,2.3799304583735627e-05,0.009703206426429998,0.001953125
2705,2.3787317932155298e-05,0.020992452912317314,0.00390625
2706,2.3677219916993806e-05,0.020111533767476427,0.001953125
2707,2.3569130562164708e-05,0.0192759801294967,0.001953125
2708,2.346289748365759e-05,0.01848377604073744,0.001953125
2709,2.335838212550666e-05,0.017732996783709848,0.001953125
2710,2.3255458494277148e-05,0.01702180374788598,0.001953125
2711,2.3154012009411043e-05,0.016348439483312868,0.001953125
2712,2.305393845882501e-05,0.015711222939780035,0.001953125
2713,2.2955143050124226e-05,0.015108544892759571,0.001953125
2714,2.2857539548678384e-05,0.01453886355982075,0.001953125
2715,2.2761049494607253e-05,0.014000700413626365,0.001953125
2716,2.2665601491451563e-05,0.013492636199834237,0.001953125
2717,2.2571130559966167e-05,0.013013307170127143,0.001953125
2718,2.2477577551073313e-05,0.012561401542037966,0.001953125
2719,2.238488861255988e-05,0.012135656198081393,0.001953125
2720,2.229301470459809e-05,0.011734853636813647,0.001953125
2721,2.2201911159619796e-05,0.011357819187703023,0.001953125
2722,2.2111537282483687e-05,0.011003418500026708,0.001953125
2723,2.2021855987246482e-05,0.010670555313382742,0.001953125
2724,2.19328334671869e-05,0.010358169513849415,0.001953125
2725,2.184443889503806e-05,0.010065235475436137,0.001953125
2726,2.1756644150662653e-05,0.009790760681417753,0.001953125
2727,2.16694235736584e-05,0.009533784614662,0.001953125
2728,2.1582753738611416e-05,0.009293377900433194,0.001953125
2729,2.157556238473756e-05,0.020198118082951577,0.00390625
2730,2.147534151566477e-05,0.019348508393216574,0.001953125
2731,2.1376977087696942e-05,0.018542573527891893,0.001953125
2732,2.1280327714746883e-05,0.01777837211031995,0.001953125
2733,2.1185264843375706e-05,0.0170540508609009,0.001953125
2734,2.1091671578365447e-05,0.016367839666216053,0.001953125
2735,2.0999441615811977e-05,0.015718046826612386,0.001953125
2736,2.0908478273894478e-05,0.015103054480476845,0.001953125
2737,2.081869361237892e-05,0.014521314205766675,0.001953125
2738,2.0730007632731727e-05,0.013971342801729849,0.001953125
2739,2.064234755146352e-05,0.01345171825606653,0.001953125
2740,2.0555647139998566e-05,0.012961075904948148,0.001953125
2741,2.0469846124979292e-05,0.012498104795206603,0.001953125
2742,2.03848896434729e-05,0.012061544259501974,0.001953125
2743,2.0300727748053665e-05,0.011650180716236615,0.001953125
2744,2.0217314957194636e-05,0.011262844706274996,0.001953125
2745,2.0134609846820545e-05,0.010898408178037014,0.001953125
2746,2.0052574679253566e-05,0.010555782031172058,0.001953125
2747,1.997117506612842e-05,0.010233913926749967,0.001953125
2748,1.989037966216694e-05,0.009931786368735793,0.001953125
2749,1.9810159886986763e-05,0.009648415057524616,0.001953125
2750,1.9730489672377603e-05,0.009382847511643908,0.001953125
2751,1.965134523271345e-05,0.009134161948591683,0.001953125
2752,1.9572704856382582e-05,0.00890146641042988,0.001953125
2753,1.9569596328346673e-05,0.0194343334693721,0.00390625
2754,1.9478359292640208e-05,0.018614939774697737,0.001953125
2755,1.9388838151328342e-05,0.01783759340306806,0.001953125
2756,1.9300901721833125e-05,0.017100424745903273,0.001953125
2757,1.9214430730483977e-05,0.016401649250507324,0.001953125
2758,1.912931672262044e-05,0.015739562683684486,0.001953125
2759,1.9045461072476448e-05,0.015112536565978519,0.001953125
2760,1.8962774083710894e-05,0.014519013774302226,0.001953125
2761,1.888117417228549e-05,0.01395750431293288,0.001953125
2762,1.880058712415089e-05,0.013426581255102123,0.001953125
2763,1.8720945420892154e-05,0.012924876859634636,0.001953125
2764,1.864218762711168e-05,0.012451078869197246,0.001953125
2765,1.8564257833897404e-05,0.012003926998600485,0.001953125
2766,1.8487105153241462e-05,0.01158220962312604,0.001953125
2767,1.8410683258744767e-05,0.011184760677907083,0.001953125
2768,1.8334949968369777e-05,0.010810456779836497,0.001953125
2769,1.825986686539193e-05,0.01045821458320609,0.001953125
2770,1.8185398954052533e-05,0.010126988379198044,0.001953125
2771,1.8111514346736043e-05,0.009815767947406696,0.001953125
2772,1.803818397978573e-05,0.009523576664762197,0.001953125
2773,1.796538135533565e-05,0.009249469873615116,0.001953125
2774,1.789308230677717e-05,0.008992533506442786,0.001953125
2775,1.782126478569625e-05,0.008751882959837289,0.001953125
2776,1.7749908668315683e-05,0.008526662205368294,0.001953125
2777,1.767899557965671e-05,0.008316043119858197,0.001953125
2778,1.7667191060170816e-05,0.0179096623210895,0.00390625
2779,1.7585712042729007e-05,0.017159908940845632,0.001953125
2780,1.7505697421744717e-05,0.016448835662181062,0.001953125
2781,1.7427036532847874e-05,0.015774724055423687,0.001953125
2782,1.7349628751880367e-05,0.015135933255119291,0.001953125
2783,1.7273382576044614e-05,0.014530895573836631,0.001953125
2784,1.7198214789174016e-05,0.01395811227658588,0.001953125
2785,1.712404970342384e-05,0.01341614951529379,0.001953125
2786,1.705081847038593e-05,0.012903634424918393,0.001953125
2787,1.6978458455271443e-05,0.012419251384918525,0.001953125
2788,1.6906912668387416e-05,0.011961738451836717,0.001953125
2789,1.6836129248661852e-05,0.011529883970608385,0.001953125
2790,1.6766060994452183e-05,0.011122523373762664,0.001953125
2791,1.6696664937308056e-05,0.010738536178808706,0.001953125
2792,1.6627901954756026e-05,0.010376843194683226,0.001953125
2793,1.655973641853344e-05,0.010036403948057293,0.001953125
2794,1.649213587502619e-05,0.009716214339470286,0.001953125
2795,1.642507075496188e-05,0.009415304537617148,0.001953125
2796,1.6358514109680068e-05,0.009132737117647161,0.001953125
2797,1.6292441371546346e-05,0.008867605446077955,0.001953125
2798,1.6226830136299847e-05,0.008619032310986903,0.001953125
2799,1.6161659965326095e-05,0.008386168791673095,0.001953125
2800,1.6096912206031038e-05,0.008168193357200332,0.001953125
2801,1.6032569828658988e-05,0.007964311178390675,0.001953125
2802,1.6024534050227883e-05,0.017231558189341443,0.00390625
2803,1.5950369074631396e-05,0.016508435959322793,0.001953125
2804,1.5877557425340377e-05,0.01582255217304431,0.001953125
2805,1.5805996425318116e-05,0.015172252022589733,0.001953125
2806,1.5735592715005194e-05,0.014555955597744677,0.001953125
2807,1.566626139960295e-05,0.013972153672504258,0.001953125
2808,1.55979252744242e-05,0.013419403644900739,0.001953125
2809,1.5530514121163938e-05,0.012896325629117331,0.001953125
2810,1.546396406859714e-05,0.012401598700882067,0.001953125
2811,1.5398217011805177e-05,0.011933957299173646,0.001953125
2812,1.5333220084572373e-05,0.011492187789245717,0.001953125
2813,1.526892518008488e-05,0.011075125193795735,0.001953125
2814,1.5205288515509605e-05,0.010681650100665062,0.001953125
2815,1.5142270236435944e-05,0.010310685756643265,0.001953125
2816,1.5079834057530682e-05,0.009961195357644656,0.001953125
2817,1.501794693609073e-05,0.009632179545617849,0.001953125
2818,1.4956578775481743e-05,0.009322674121945235,0.001953125
2819,1.4895702155726573e-05,0.0090317479857236,0.001953125
2820,1.483529208875785e-05,0.008758501303163801,0.001953125
2821,1.4775325796076632e-05,0.008502063911430878,0.001953125
2822,1.4715782506765875e-05,0.008261593956646187,0.001953125
2823,1.4656643273995059e-05,0.008036276761628136,0.001953125
2824,1.4597890808323171e-05,0.007825323914449078,0.001953125
2825,1.4539509326262056e-05,0.007627972564267699,0.001953125
2826,1.4534698599530628e-05,0.016579555225538542,0.00390625
2827,1.4467185953266147e-05,0.01588213488245575,0.001953125
2828,1.4400924087856904e-05,0.015220565194485529,0.001953125
2829,1.4335817736618495e-05,0.014593252572519875,0.001953125
2830,1.427178027963649e-05,0.013998675744837338,0.001953125
2831,1.4208732952424696e-05,0.013435381709672997,0.001953125
2832,1.4146604127031788e-05,0.012901981834262855,0.001953125
2833,1.408532865896346e-05,0.012397148098903027,0.001953125
2834,1.4024847293894453e-05,0.011919609486482479,0.001953125
2835,1.3965106128696649e-05,0.011468148519891551,0.001953125
2836,1.3906056121810318e-05,0.011041597951610476,0.001953125
2837,1.3847652648441131e-05,0.010638837611560103,0.001953125
2838,1.3789855096478972e-05,0.010258791420854113,0.001953125
2839,1.3732626499410364e-05,0.00990042458032111,0.001953125
2840,1.367593320283765e-05,0.009562740943454016,0.001953125
2841,1.3619744561528144e-05,0.009244780583685532,0.001953125
2842,1.3564032664198179e-05,0.008945617565486976,0.001953125
2843,1.3508772083492782e-05,0.008664357927673725,0.001953125
2844,1.3453939648854343e-05,0.008400137885438648,0.001953125
2845,1.3399514240184664e-05,0.008152122255036061,0.001953125
2846,1.3345476600396706e-05,0.007919503101765262,0.001953125
2847,1.329180916512669e-05,0.007701498608072129,0.001953125
2848,1.323849590803542e-05,0.007497352154370033,0.001953125
2849,1.3185522200271612e-05,0.007306331600791169,0.001953125
2850,1.3183457448593842e-05,0.015952625003160647,0.00390625
2851,1.3121995698544916e-05,0.015280008809894939,0.001953125
2852,1.3061690045190712e-05,0.014641907343203123,0.001953125
2853,1.3002452096944906e-05,0.014036785924059854,0.001953125
2854,1.2944201486565673e-05,0.013463179694210087,0.001953125
2855,1.2886865136771287e-05,0.012919689728381749,0.001953125
2856,1.2830376593089586e-05,0.012404979286541596,0.001953125
2857,1.277467541778584e-05,0.011917770204356913,0.001953125
2858,1.271970663927717e-05,0.011456839421837622,0.001953125
2859,1.266542025195352e-05,0.011021015651982526,0.001953125
2860,1.2611770761790379e-05,0.010609176193080551,0.001953125
2861,1.2558716773560897e-05,0.010220243890047866,0.001953125
2862,1.2506220615838796e-05,0.009853184251725865,0.001953125
2863,1.2454248000332325e-05,0.009507002732323121,0.001953125
2864,1.240276771240608e-05,0.009180742186050321,0.001953125
2865,1.235175132993542e-05,0.008873480504366855,0.001953125
2866,1.2301172967899487e-05,0.008584328445036276,0.001953125
2867,1.2251009046356485e-05,0.00831242766130212,0.001953125
2868,1.2201238079660421e-05,0.008056948937902807,0.001953125
2869,1.2151840484974666e-05,0.007817090638342891,0.001953125
2870,1.2102798408315627e-05,0.007592077364874716,0.001953125
2871,1.2054095566521614e-05,0.007381158829118095,0.001953125
2872,1.2005717103688909e-05,0.007183608927306075,0.001953125
2873,1.1957649460750532e-05,0.00699872500998651,0.001953125
2874,1.1909880256994468e-05,0.006825827331859009,0.001953125
2875,1.1901951641402814e-05,0.014701101677633296,0.00390625
2876,1.1847062769633924e-05,0.014085651125439785,0.001953125
2877,1.1793160547715083e-05,0.013501951308880412,0.001953125
2878,1.1740170409333198e-05,0.012948591646007479,0.001953125
2879,1.1688024553373643e-05,0.012424225225940111,0.001953125
2880,1.1636661324788299e-05,0.011927565208512722,0.001953125
2881,1.1586024652145904e-05,0.011457381355748631,0.001953125
2882,1.153606353667525e-05,0.011012496694697149,0.001953125
2883,1.148673158808696e-05,0.01059178431292836,0.001953125
2884,1.1437986602891104e-05,0.010194164289730344,0.001953125
2885,1.1389790181320062e-05,0.009818600767730827,0.001953125
2886,1.1342107379322238e-05,0.009464099171188069,0.001953125
2887,1.1294906392415784e-05,0.009129703578470717,0.001953125
2888,1.1248158268485445e-05,0.008814494257173826,0.001953125
2889,1.1201836646872735e-05,0.00851758537079737,0.001953125
2890,1.1155917521352226e-05,0.008238122865851374,0.001953125
2891,1.1110379024807088e-05,0.007975282547572385,0.001953125
2892,1.1065201233617274e-05,0.007728268351090413,0.001953125
2893,1.10203659899556e-05,0.007496310812861734,0.001953125
2894,1.097585674035222e-05,0.00727866574451349,0.001953125
2895,1.093165838903807e-05,0.0070746131080122905,0.001953125
2896,1.0887757164714234e-05,0.006883456087401883,0.001953125
2897,1.0844140499518048e-05,0.0067045203484298824,0.001953125
2898,1.080079691906932e-05,0.00653715347340992,0.001953125
2899,1.079540416755428e-05,0.014144496504440319,0.00390625
2900,1.0745441819821696e-05,0.013550907211012014,0.001953125
2901,1.0696391293693459e-05,0.01298788527064681,0.001953125
2902,1.0648183404717068e-05,0.012454072324732697,0.001953125
2903,1.0600755246652815e-05,0.011948171496700731,0.001953125
2904,1.0554049616904272e-05,0.011468943933432342,0.001953125
2905,1.0508014494551311e-05,0.011015205472507674,0.001953125
2906,1.0462602566169821e-05,0.010585823434441985,0.001953125
2907,1.0417770795063034e-05,0.010179713540721488,0.001953125
2908,1.0373480029930099e-05,0.009795836960122848,0.001953125
2909,1.0329694649361252e-05,0.00943319748742136,0.001953125
2910,1.0286382238879593e-05,0.009090838860087047,0.001953125
2911,1.0243513297549754e-05,0.008767842219849333,0.001953125
2912,1.0201060971446499e-05,0.00846332372698573,0.001953125
2913,1.015900081152418e-05,0.00817643233576171,0.001953125
2914,1.0117310553653097e-05,0.007906347739526476,0.001953125
2915,1.0075969918793289e-05,0.007652278493475468,0.001953125
2916,1.0034960431462151e-05,0.007413460321971129,0.001953125
2917,9.994265254821044e-06,0.007189154615547948,0.001953125
2918,9.953869040859338e-06,0.006978647120335469,0.001953125
2919,9.913757794293717e-06,0.00678124681967975,0.001953125
2920,9.873918748927085e-06,0.006596285004342555,0.001953125
2921,9.834340255326333e-06,0.006423114523965384,0.001953125
2922,9.795011678782733e-06,0.0062611092086947975,0.001953125
2923,9.791789004649608e-06,0.013609313719427057,0.00390625
2924,9.746307586839104e-06,0.013036822787864335,0.001953125
2925,9.701668904368746e-06,0.012493760044184267,0.001953125
2926,9.657808765886858e-06,0.011978817380810945,0.001953125
2927,9.614668806325352e-06,0.011490746053970114,0.001953125
2928,9.572195953685216e-06,0.011028353361404909,0.001953125
2929,9.530341944638485e-06,0.010590499440315523,0.001953125
2930,9.489062884477383e-06,0.010176094184320873,0.001953125
2931,9.44831884735059e-06,0.009784094279814796,0.001953125
2932,9.408073513098173e-06,0.009413500363684522,0.001953125
2933,9.368293837334544e-06,0.00906335430592039,0.001953125
2934,9.328949751735448e-06,0.00873273662210561,0.001953125
2935,9.290013891763734e-06,0.008420764022053426,0.001953125
2936,9.251461349321857e-06,0.0081265871018687,0.001953125
2937,9.213269448048932e-06,0.007849388187359672,0.001953125
2938,9.175417539189241e-06,0.007588379336925017,0.001953125
2939,9.137886816148768e-06,0.007342800511713293,0.001953125
2940,9.100660146028881e-06,0.007111917919938978,0.001953125
2941,9.063721916582789e-06,0.0068950225407128024,0.001953125
2942,9.027057897182859e-06,0.006691428830612456,0.001953125
2943,8.990655112515993e-06,0.006500473613534206,0.001953125
2944,8.954501727841842e-06,0.006321515151222991,0.001953125
2945,8.918586944755167e-06,0.006153932388417571,0.001953125
2946,8.882900906490783e-06,0.005997124362944152,0.001953125
2947,8.881525964931834e-06,0.013094709566420672,0.00390625
2948,8.84012045306295e-06,0.012542579992819165,0.001953125
2949,8.799493885606415e-06,0.012018782010300955,0.001953125
2950,8.75958670366458e-06,0.01152205586734022,0.001953125
2951,8.72034475522691e-06,0.011051199126697,0.001953125
2952,8.681718800333943e-06,0.010605063474171903,0.001953125
2953,8.643664061544089e-06,0.01018255164230751,0.001953125
2954,8.606139815555782e-06,0.00978261444752487,0.001953125
2955,8.56910902221701e-06,0.009404247940670542,0.001953125
2956,8.532537987499368e-06,0.00904649067246751,0.001953125
2957,8.496396057327037e-06,0.008708421076862904,0.001953125
2958,8.460655339435908e-06,0.008389154976685907,0.001953125
2959,8.425290450696541e-06,0.008087843217297037,0.001953125
2960,8.390278287569756e-06,0.007803669434943285,0.001953125
2961,8.355597817576928e-06,0.0075358479672453715,0.001953125
2962,8.321229889861088e-06,0.007283621913547776,0.001953125
2963,8.287157063091e-06,0.007046261352681847,0.001953125
2964,8.253363449120411e-06,0.006823061724966655,0.001953125
2965,8.219834570960066e-06,0.006613342383966394,0.001953125
2966,8.1865572337521e-06,0.006416445321635577,0.001953125
2967,8.153519407556414e-06,0.006231734068052339,0.001953125
2968,8.120710120867625e-06,0.00605859276404668,0.001953125
2969,8.088119363880153e-06,0.0058964254017976345,0.001953125
2970,8.055738000609036e-06,0.00574465522506038,0.001953125
2971,8.02355768905563e-06,0.005602724277277673,0.001953125
2972,8.018229383681918e-06,0.012067394414495959,0.00390625
2973,7.981251645533616e-06,0.011562190222236148,0.001953125
2974,7.94493868383867e-06,0.011083048787989682,0.001953125
2975,7.909240255264959e-06,0.010628812226890003,0.001953125
2976,7.874110674941796e-06,0.010198374920263731,0.001953125
2977,7.839508399282185e-06,0.009790680560317294,0.001953125
2978,7.805395646998242e-06,0.009404719303022929,0.001953125
2979,7.771738054813031e-06,0.00903952502882183,0.001953125
2980,7.738504364692319e-06,0.008694172712203395,0.001953125
2981,7.705666139710489e-06,0.008367775902656315,0.001953125
2982,7.67319750592906e-06,0.0080594843208643,0.001953125
2983,7.641074917906357e-06,0.0077684815752693944,0.001953125
2984,7.6092769456747454e-06,0.007493983005172931,0.001953125
2985,7.577784081220105e-06,0.0072352336573062595,0.001953125
2986,7.546578562678004e-06,0.00699150640319754,0.001953125
2987,7.515644214624587e-06,0.006762100204611078,0.001953125
2988,7.4849663029886665e-06,0.006546338533779235,0.001953125
2989,7.454531403246396e-06,0.006343567954043875,0.001953125
2990,7.424327280682475e-06,0.006153156864864534,0.001953125
2991,7.394342781613181e-06,0.005974494412960653,0.001953125
2992,7.3645677345676195e-06,0.00580698956870192,0.001953125
2993,7.334992860515498e-06,0.0056500703638516165,0.001953125
2994,7.305609691313223e-06,0.0055031832835463566,0.001953125
2995,7.27641049561586e-06,0.0053657928021340435,0.001953125
2996,7.27278906410802e-06,0.011610513664646325,0.00390625
2997,7.239129971494866e-06,0.011123254999977199,0.001953125
2998,7.206085240971939e-06,0.0106610877122847,0.001953125
2999,7.173608255521684e-06,0.010222896783997975,0.001953125
3000,7.14165662845212e-06,0.0098076176667418,0.001953125
3001,7.110191816245757e-06,0.009414233442383924,0.001953125
3002,7.079178766852675e-06,0.009041772087371305,0.001953125
3003,7.048585600182764e-06,0.008689303839652199,0.001953125
3004,7.018383317849201e-06,0.008355938668846949,0.001953125
3005,6.988545539485146e-06,0.008040823851703446,0.001953125
3006,6.9590482632007824e-06,0.007743141656203833,0.001953125
3007,6.929869647970636e-06,0.007462107138915597,0.001953125
3008,6.900989815943345e-06,0.007196966061232675,0.001953125
3009,6.872390672849962e-06,0.006946992930952796,0.001953125
3010,6.844055744853813e-06,0.006711489176107506,0.001953125
3011,6.815970030336646e-06,0.006489781458025995,0.001953125
3012,6.7881198652536e-06,0.006281220130209494,0.001953125
3013,6.760492800814763e-06,0.006085177848675705,0.001953125
3014,6.733077492364753e-06,0.005901048337984612,0.001953125
3015,6.705863598435142e-06,0.0057282453151947035,0.001953125
3016,6.678841689038366e-06,0.005566201571575558,0.001953125
3017,6.652003162357023e-06,0.00541436820911179,0.001953125
3018,6.625340169059979e-06,0.00527221402580319,0.001953125
3019,6.598845543546977e-06,0.005139225040654588,0.001953125
3020,6.5966847806937074e-06,0.011171216014398336,0.00390625
3021,6.566044218768834e-06,0.010701276588937964,0.001953125
3022,6.535971472648962e-06,0.010255493454769138,0.001953125
3023,6.506423289687743e-06,0.009832792842740351,0.001953125
3024,6.477360343049917e-06,0.009432149714013908,0.001953125
3025,6.448746872425682e-06,0.009052585032999999,0.001953125
3026,6.42055035763811e-06,0.008693163138970264,0.001953125
3027,6.3927412221321825e-06,0.008352989215361598,0.001953125
3028,6.365292563609703e-06,0.008031206857073123,0.001953125
3029,6.338179909324805e-06,0.007726995737368633,0.001953125
3030,6.311380993782307e-06,0.007439569377278373,0.001953125
3031,6.284875556787888e-06,0.007168173021592478,0.001953125
3032,6.258645159986815e-06,0.006912081626588243,0.001953125
3033,6.232673020198537e-06,0.00667059796546268,0.001953125
3034,6.206943858009457e-06,0.006443050857975106,0.001953125
3035,6.181443760226941e-06,0.00622879353096894,0.001953125
3036,6.156160054925547e-06,0.006027202116173736,0.001953125
3037,6.131081197932609e-06,0.005837674290940295,0.001953125
3038,6.106196669705878e-06,0.005659628066309823,0.001953125
3039,6.081496881651809e-06,0.005492500725069599,0.001953125
3040,6.05697309102017e-06,0.005335747910244255,0.001953125
3041,6.032617323589789e-06,0.005188842861892733,0.001953125
3042,6.008422303432153e-06,0.005051275797240695,0.001953125
3043,5.984381389104839e-06,0.0049225534262207415,0.001953125
3044,5.983464318219104e-06,0.010748809092127875,0.00390625
3045,5.955569487472396e-06,0.010295583879717784,0.001953125
3046,5.928199493531631e-06,0.00986561481476382,0.001953125
3047,5.9013142051198335e-06,0.00945786782110506,0.001953125
3048,5.874877134177502e-06,0.009071355870438249,0.001953125
3049,5.84885510243677e-06,0.008705136362813226,0.001953125
3050,5.82321793852115e-06,0.008358308601477172,0.001953125
3051,5.7979382027761535e-06,0.008030011360824506,0.001953125
3052,5.772990937291957e-06,0.007719420547429701,0.001953125
3053,5.7483534388117e-06,0.007425746955386074,0.001953125
3054,5.724005052430198e-06,0.0071482341184046635,0.001953125
3055,5.699926984179621e-06,0.00688615626229331,0.001953125
3056,5.676102130773035e-06,0.006638816362477043,0.001953125
3057,5.652514924934895e-06,0.0064055443120694935,0.001953125
3058,5.629151194891524e-06,0.006185695206589931,0.001953125
3059,5.605998036725153e-06,0.0059786477516711005,0.001953125
3060,5.583043698413849e-06,0.005783802799956026,0.001953125
3061,5.560277474487454e-06,0.005600582022787235,0.001953125
3062,5.53768961032761e-06,0.005428426721221125,0.001953125
3063,5.515271215228927e-06,0.005266796779351885,0.001953125
3064,5.493014183419201e-06,0.005115169760934947,0.001953125
3065,5.47091112230999e-06,0.00497304014792576,0.001953125
3066,5.448955287315616e-06,0.004839918716896589,0.001953125
3067,5.427140522639217e-06,0.0047153320464928955,0.001953125
3068,5.405461207479556e-06,0.0045988221462944815,0.001953125
3069,5.401879132512346e-06,0.009905533185865754,0.00390625
3070,5.376967196744528e-06,0.009490827373647452,0.001953125
3071,5.352503173688354e-06,0.009097515325440692,0.001953125
3072,5.328453208970894e-06,0.008724646583642238,0.001953125
3073,5.30478651975854e-06,0.00837131359470644,0.001953125
3074,5.281475113658193e-06,0.00803664928329927,0.001953125
3075,5.258493533353388e-06,0.007719824715261479,0.001953125
3076,5.2358186246192596e-06,0.007420046849064772,0.001953125
3077,5.213429325575942e-06,0.00713655637662776,0.001953125
3078,5.191306475235985e-06,0.006868625655537838,0.001953125
3079,5.169432639579344e-06,0.006615556735855522,0.001953125
3080,5.147791953551286e-06,0.006376679485704203,0.001953125
3081,5.126369977525377e-06,0.0061513498207082015,0.001953125
3082,5.105153566907281e-06,0.00593894804296797,0.001953125
3083,5.084130753676263e-06,0.005738877295585606,0.001953125
3084,5.0632906387714865e-06,0.005550562138713733,0.001953125
3085,5.04262329433023e-06,0.005373447252644992,0.001953125
3086,5.0221196748760495e-06,0.005206996272554926,0.001953125
3087,5.0017715366375085e-06,0.0050506907581496915,0.001953125
3088,4.981571364253086e-06,0.004904029299673406,0.001953125
3089,4.9615123041860555e-06,0.0047665267595529155,0.001953125
3090,4.941588104235009e-06,0.004637713646488281,0.001953125
3091,4.921793058581949e-06,0.004517135616153381,0.001953125
3092,4.902121957871003e-06,0.004404353089993806,0.001953125
3093,4.899689013305168e-06,0.00953050707676298,0.00390625
3094,4.877012731718026e-06,0.0091305323467757,0.001953125
3095,4.854750395935382e-06,0.008751154019760298,0.001953125
3096,4.832870595014973e-06,0.008391456825674203,0.001953125
3097,4.811344768452551e-06,0.008050566923374138,0.001953125
3098,4.7901469453153356e-06,0.00772764957028383,0.001953125
3099,4.769253507258134e-06,0.00742190687684113,0.001953125
3100,4.748642973235588e-06,0.007132575645145309,0.001953125
3101,4.72829580392422e-06,0.0068589252923463425,0.001953125
3102,4.708194224049811e-06,0.006600255860445117,0.001953125
3103,4.688322060980789e-06,0.006355896115265671,0.001953125
3104,4.6686645980984765e-06,0.006125201738367726,0.001953125
3105,4.649208441591299e-06,0.0059075536165317955,0.001953125
3106,4.6299413994439845e-06,0.005702356234106966,0.001953125
3107,4.610852371505251e-06,0.005509036173897871,0.001953125
3108,4.591931249619727e-06,0.005327040732321244,0.001953125
3109,4.573168826902701e-06,0.005155836654231426,0.001953125
3110,4.554556715320638e-06,0.004994908992062042,0.001953125
3111,4.536087270817064e-06,0.004843760092743435,0.001953125
3112,4.517753525293009e-06,0.004701908714245557,0.001953125
3113,4.499549124814462e-06,0.004568889271607856,0.001953125
3114,4.481468273476739e-06,0.004444251210027426,0.001953125
3115,4.46350568240786e-06,0.004327558500089813,0.001953125
3116,4.445656523440442e-06,0.004218389247673078,0.001953125
3117,4.44420694592156e-06,0.009169913262908072,0.00390625
3118,4.4235641633245805e-06,0.008784155487327755,0.001953125
3119,4.403303965543458e-06,0.008418226546549041,0.001953125
3120,4.383397208569552e-06,0.008071245029282114,0.001953125
3121,4.363817393647237e-06,0.007742369525690817,0.001953125
3122,4.344540425183379e-06,0.007430796388901503,0.001953125
3123,4.325544390820537e-06,0.007135757577508618,0.001953125
3124,4.306809361644688e-06,0.0068565185782629495,0.001953125
3125,4.288317210684161e-06,0.006592376409189198,0.001953125
3126,4.270051448025119e-06,0.006342657704454093,0.001953125
3127,4.251997071022345e-06,0.006106716883358415,0.001953125
3128,4.234140428223286e-06,0.005883934406810027,0.001953125
3129,4.21646909574988e-06,0.005673715125497135,0.001953125
3130,4.198971764997635e-06,0.005475486724662017,0.001953125
3131,4.181638140615808e-06,0.005288698270813755,0.001953125
3132,4.164458847827457e-06,0.005112818865854116,0.001953125
3133,4.147425348234247e-06,0.004947336413871376,0.001953125
3134,4.130529863329227e-06,0.00479175650524357,0.001953125
3135,4.113765305011886e-06,0.004645601421665963,0.001953125
3136,4.097125212464411e-06,0.004508409264283089,0.001953125
3137,4.080603694806765e-06,0.00437973320529796,0.001953125
3138,4.064195379001525e-06,0.00425914086131464,0.001953125
3139,4.04789536252784e-06,0.004146213784339398,0.001953125
3140,4.031699170387886e-06,0.004040547063938321,0.001953125
3141,4.0310868709076935e-06,0.008823183531048976,0.00390625
3142,4.012293827532594e-06,0.008451146039528592,0.001953125
3143,3.99385441129928e-06,0.008098198496527787,0.001953125
3144,3.975741581398131e-06,0.00776349207277427,0.001953125
3145,3.95793075185801e-06,0.007446216559328166,0.001953125
3146,3.940399566880381e-06,0.007145598217381509,0.001953125
3147,3.923127696741868e-06,0.006860897705500423,0.001953125
3148,3.906096652382179e-06,0.006591408083287695,0.001953125
3149,3.889289616966705e-06,0.006336452891445174,0.001953125
3150,3.872691292869703e-06,0.0060953843092379535,0.001953125
3151,3.856287762666281e-06,0.005867581391372788,0.001953125
3152,3.840066362850625e-06,0.005652448387260383,0.001953125
3153,3.824015569115366e-06,0.005449413146485911,0.001953125
3154,3.8081248921336293e-06,0.005257925615008998,0.001953125
3155,3.792384782882202e-06,0.005077456427094922,0.001953125
3156,3.7767865466323276e-06,0.004907495598185142,0.001953125
3157,3.7613222648145693e-06,0.004747551323795096,0.001953125
3158,3.745984724036855e-06,0.004597148889040006,0.001953125
3159,3.7307673516008112e-06,0.004455829692511187,0.001953125
3160,3.715664156921453e-06,0.0043231503869553085,0.001953125
3161,3.700669678309759e-06,0.004198682137572703,0.001953125
3162,3.6857789346271482e-06,0.004082009996802581,0.001953125
3163,3.6709873813658246e-06,0.0039727323922857495,0.001953125
3164,3.656290870749787e-06,0.0038704607223963424,0.001953125
3165,3.641685615488409e-06,0.003774819051438709,0.001953125
3166,3.639276944392743e-06,0.008130975738842333,0.00390625
3167,3.6224934791417037e-06,0.007790557424972605,0.001953125
3168,3.606011810552098e-06,0.007467700311065528,0.001953125
3169,3.5898091272481435e-06,0.0071616242072275035,0.001953125
3170,3.5738646874897685e-06,0.006871584142407204,0.001953125
3171,3.5581596297652236e-06,0.0065968683731557716,0.001953125
3172,3.5426768007241654e-06,0.006336796465281449,0.001953125
3173,3.5274005988636625e-06,0.006090717448137415,0.001953125
3174,3.512316832524876e-06,0.005858008042252449,0.001953125
3175,3.4974125908902633e-06,0.00563807096198213,0.001953125
3176,3.4826761267910467e-06,0.005430333295786203,0.001953125
3177,3.4680967502437055e-06,0.005234244967580456,0.001953125
3178,3.453664731733209e-06,0.005049277283317532,0.001953125
3179,3.439371214350657e-06,0.004874921567465388,0.001953125
3180,3.4252081339746795e-06,0.004710687894318733,0.001953125
3181,3.411168146760174e-06,0.00455610391904656,0.001953125
3182,3.3972445632653697e-06,0.004410713813005344,0.001953125
3183,3.3834312886094627e-06,0.00427407730710587,0.001953125
3184,3.369722768108716e-06,0.004145768845904929,0.001953125
3185,3.3561139378894392e-06,0.004025376853619103,0.001953125
3186,3.342600180022228e-06,0.003912503111471495,0.001953125
3187,3.3291772817635065e-06,0.0038067622437556754,0.001953125
3188,3.3158413985283475e-06,0.0037077813078311766,0.001953125
3189,3.3025890202529748e-06,0.003615199481067356,0.001953125
3190,3.3009540904308335e-06,0.007823137856867364,0.00390625
3191,3.2856767579751556e-06,0.007494811912326179,0.001953125
3192,3.270678336388558e-06,0.0071833926506493255,0.001953125
3193,3.255937660695907e-06,0.006888128765671114,0.001953125
3194,3.2414354865774137e-06,0.006608302959118591,0.001953125
3195,3.227154314593964e-06,0.006343230027773633,0.001953125
3196,3.2130782305048357e-06,0.006092255020222427,0.001953125
3197,3.199192760204512e-06,0.005854751462715231,0.001953125
3198,3.1854847379401653e-06,0.005630119654579484,0.001953125
3199,3.1719421865939353e-06,0.005417785034554427,0.001953125
3200,3.158554208925432e-06,0.00521719662031197,0.001953125
3201,3.145310888771038e-06,0.005027825524255386,0.001953125
3202,3.132203201288421e-06,0.004849163549396839,0.001953125
3203,3.119222931418162e-06,0.00468072186965505,0.001953125
3204,3.106362599810189e-06,0.004522029799232081,0.001953125
3205,3.0936153955315957e-06,0.004372633655772911,0.001953125
3206,3.0809751149349964e-06,0.004232095721740455,0.001953125
3207,3.0684361061233988e-06,0.004099993307821928,0.001953125
3208,3.0559932184992258e-06,0.0039759179212083455,0.001953125
3209,3.0436417569320067e-06,0.0038594745402681214,0.001953125
3210,3.0313774401219077e-06,0.0037502809955044397,0.001953125
3211,3.019196362774935e-06,0.003647967454806553,0.001953125
3212,3.007094961240875e-06,0.003552176008964165,0.001953125
3213,2.995069982296912e-06,0.0034625603513179235,0.001953125
3214,2.994097169868719e-06,0.007527146288789695,0.00390625
3215,2.9801897901258774e-06,0.007210490666963357,0.001953125
3216,2.9665401911457325e-06,0.0069101116663625225,0.001953125
3217,2.9531287354296603e-06,0.0066252857738235355,0.001953125
3218,2.9399375678785807e-06,0.006355322312296075,0.001953125
3219,2.9269504526697747e-06,0.006099561603392493,0.001953125
3220,2.9141526250678473e-06,0.005857373196420145,0.001953125
3221,2.9015306568025615e-06,0.005628154163227031,0.001953125
3222,2.889072333771468e-06,0.0054113274590616,0.001953125
3223,2.876766544938961e-06,0.005206340350529632,0.001953125
3224,2.864603181406696e-06,0.005012662912594704,0.001953125
3225,2.8525730447241578e-06,0.004829786597376413,0.001953125
3226,2.8406677635934125e-06,0.0046572228782083,0.001953125
3227,2.828879718199542e-06,0.004494501972976789,0.001953125
3228,2.817201971468604e-06,0.004341171651122539,0.001953125
3229,2.8056282066188854e-06,0.004196796128797469,0.001953125
3230,2.794152670429284e-06,0.004060955056491208,0.001953125
3231,2.782770121701397e-06,0.003933242602937913,0.001953125
3232,2.771475784439825e-06,0.0038132666382723348,0.001953125
3233,2.76026530531872e-06,0.0037006480182272166,0.001953125
3234,2.7491347150421635e-06,0.003595019969680775,0.001953125
3235,2.738080393241891e-06,0.003496027576126345,0.001953125
3236,2.727099036588493e-06,0.0034033273597231925,0.001953125
3237,2.716187629821919e-06,0.0033165869545952026,0.001953125
3238,2.7157785579084114e-06,0.007242534681367512,0.00390625
3239,2.7031173409950988e-06,0.006937141668090046,0.001953125
3240,2.6906943939407167e-06,0.006647418757927458,0.001953125
3241,2.678491496398222e-06,0.006372669182731512,0.001953125
3242,2.6664920821168152e-06,0.00611222787671794,0.001953125
3243,2.6546810875596544e-06,0.0058654597114885555,0.001953125
3244,2.6430448143808164e-06,0.005631757794619568,0.001953125
3245,2.6315708044926563e-06,0.005410541830975624,0.001953125
3246,2.6202477265708846e-06,0.005201256546731207,0.001953125
3247,2.609065272950194e-06,0.005003370176920333,0.001953125
3248,2.5980140659591717e-06,0.004816373018164897,0.001953125
3249,2.5870855728302904e-06,0.004639776049017862,0.001953125
3250,2.5762720283999215e-06,0.004473109621059143,0.001953125
3251,2.565566364885158e-06,0.004315922224454367,0.001953125
3252,2.554962148089553e-06,0.004167779332081438,0.001953125
3253,2.5444535194492053e-06,0.00402826232649963,0.001953125
3254,2.5340351433844555e-06,0.0038969675139378683,0.001953125
3255,2.5237021594714966e-06,0.0037735052290794576,0.001953125
3256,2.5134501389925845e-06,0.00365749903370028,0.001953125
3257,2.5032750454639994e-06,0.0035485850111755817,0.001953125
3258,2.493173198777578e-06,0.003446411157527845,0.001953125
3259,2.4831412426249827e-06,0.0033506368680895544,0.001953125
3260,2.473176114904167e-06,0.0032609325170678263,0.001953125
3261,2.4632750208350112e-06,0.0031769791254108674,0.001953125
3262,2.453435408536099e-06,0.003098468110492121,0.001953125
3263,2.4518155329586223e-06,0.0066743313468636805,0.00390625
3264,2.4405081984266844e-06,0.006394893344364977,0.001953125
3265,2.429404210793849e-06,0.006129870561881095,0.001953125
3266,2.418488199545265e-06,0.005878622574794064,0.001953125
3267,2.4077461887086033e-06,0.005640537868698459,0.001953125
3268,2.3971654692293233e-06,0.005415032204903631,0.001953125
3269,2.386734483030152e-06,0.0052015470457679805,0.001953125
3270,2.376442717685032e-06,0.004999548039649459,0.001953125
3271,2.366280610735773e-06,0.004808523566053392,0.001953125
3272,2.356239462768578e-06,0.004627983342353292,0.001953125
3273,2.346311358448469e-06,0.00445745709422212,0.001953125
3274,2.33648909478303e-06,0.004296493292603237,0.001953125
3275,2.3267661159536175e-06,0.0041446579606301305,0.001953125
3276,2.3171364541127635e-06,0.004001533554326419,0.001953125
3277,2.3075946756015446e-06,0.003866717921136879,0.001953125
3278,2.298135832090722e-06,0.0037398233403142466,0.001953125
3279,2.2887554161948477e-06,0.0036204756488804938,0.001953125
3280,2.2794493211498433e-06,0.0035083134562730687,0.001953125
3281,2.270213804182021e-06,0.0034029874498705424,0.001953125
3282,2.2610454532305836e-06,0.0033041597923827203,0.001953125
3283,2.2519411567165918e-06,0.0032115036106244318,0.001953125
3284,2.242898076079479e-06,0.0031247025735290732,0.001953125
3285,2.2339136208277517e-06,0.003043450555477044,0.001953125
3286,2.22498542587367e-06,0.0029674513792104173,0.001953125
3287,2.2238865761814976e-06,0.0064216438039248975,0.00390625
3288,2.2135939268545907e-06,0.006152132094473915,0.001953125
3289,2.203489204542522e-06,0.005896498341512352,0.001953125
3290,2.1935581480882505e-06,0.005654125829680607,0.001953125
3291,2.183787790492719e-06,0.005424425759775014,0.001953125
3292,2.1741663404759975e-06,0.005206835678606058,0.001953125
3293,2.1646830748816516e-06,0.005000817965974533,0.001953125
3294,2.155328240931615e-06,0.004805858378372805,0.001953125
3295,2.146092967429717e-06,0.0046214646497734916,0.001953125
3296,2.1369691840946005e-06,0.004447165150627304,0.001953125
3297,2.1279495482777605e-06,0.004282507606927687,0.001953125
3298,2.1190273783905673e-06,0.004127057881878721,0.001953125
3299,2.1101965934260685e-06,0.003980398823285284,0.001953125
3300,2.101451658017554e-06,0.003842129180228181,0.001953125
3301,2.0927875325269966e-06,0.0037118625928480482,0.001953125
3302,2.0841996277028623e-06,0.003589226659098999,0.001953125
3303,2.0756837634889514e-06,0.0034738620821109273,0.001953125
3304,2.067236131604238e-06,0.003365421901293725,0.001953125
3305,2.058853261548455e-06,0.003263570809517568,0.001953125
3306,2.050531989719805e-06,0.003167984557619835,0.001953125
3307,2.042269431359851e-06,0.0030783494461506006,0.001953125
3308,2.034062955066774e-06,0.0029943619027262727,0.001953125
3309,2.0259101596418384e-06,0.0029157281416858577,0.001953125
3310,2.0178088530554733e-06,0.0028421639010238107,0.001953125
3311,2.0171558540340063e-06,0.006178680061625149,0.00390625
3312,2.0077861492012543e-06,0.005918748191667726,0.001953125
3313,1.998590134392888e-06,0.0056721770889875366,0.001953125
3314,1.9895545776780074e-06,0.005438372852176043,0.001953125
3315,1.9806674481254757e-06,0.0052167685340802706,0.001953125
3316,1.9719178058897795e-06,0.005006822633542328,0.001953125
3317,1.9632957023596656e-06,0.0048080176417091254,0.001953125
3318,1.9547920894482823e-06,0.0046198586423614124,0.001953125
3319,1.9463987371879038e-06,0.004441871966425784,0.001953125
3320,1.9381081588689235e-06,0.004273603901557262,0.001953125
3321,1.9299135430324223e-06,0.004114619458388999,0.001953125
3322,1.921808691688846e-06,0.003964501195708636,0.001953125
3323,1.913787964192777e-06,0.003822848107401983,0.001953125
3324,1.905846226255968e-06,0.0036892745744640664,0.001953125
3325,1.897978803628226e-06,0.0035634093856734585,0.001953125
3326,1.890181440018772e-06,0.003444894830617983,0.001953125
3327,1.8824502588698723e-06,0.0033333858686130117,0.001953125
3328,1.8747817286300443e-06,0.0032285493766413182,0.001953125
3329,1.8671726312064402e-06,0.0031300634787527733,0.001953125
3330,1.8596200333053555e-06,0.0030376169583967005,0.001953125
3331,1.8521212603964375e-06,0.0029509087539426257,0.001953125
3332,1.8446738730603957e-06,0.0028696475362199473,0.001953125
3333,1.837275645501992e-06,0.002793551365337057,0.001953125
3334,1.8299245460300779e-06,0.0027223474224051464,0.001953125
3335,1.8296511434592091e-06,0.005945057349323545,0.00390625
3336,1.8211209885985433e-06,0.0056943706315477904,0.001953125
3337,1.8127513777174574e-06,0.005456546817597586,0.001953125
3338,1.8045300337736446e-06,0.0052310139597880525,0.001953125
3339,1.7964457942724458e-06,0.005017226134009555,0.001953125
3340,1.7884885092638468e-06,0.0048146619909561405,0.001953125
3341,1.780648948677981e-06,0.0046228233595303585,0.001953125
3342,1.7729187181441806e-06,0.004441233901733442,0.001953125
3343,1.7652901825168777e-06,0.004269437819024663,0.001953125
3344,1.7577563964027777e-06,0.00410699861082249,0.001953125
3345,1.750311041048319e-06,0.003953497886501085,0.001953125
3346,1.7429483670051149e-06,0.0038085342328806723,0.001953125
3347,1.735663142044392e-06,0.0036717221397864807,0.001953125
3348,1.7284506038398644e-06,0.0035426909867208615,0.001953125
3349,1.7213064169824785e-06,0.0034210840940175264,0.001953125
3350,1.7142266339304394e-06,0.0033065578419865303,0.001953125
3351,1.7072076595342288e-06,0.0031987808614785526,0.001953125
3352,1.7002462188093175e-06,0.0030974332989696122,0.001953125
3353,1.6933393276592356e-06,0.003002206158676669,0.001953125
3354,1.68648426627889e-06,0.0029128007233597763,0.001953125
3355,1.6796785549927445e-06,0.0028289280543648426,0.001953125
3356,1.6729199323049452e-06,0.0027503085701491682,0.001953125
3357,1.6662063349588798e-06,0.002676671701065472,0.001953125
3358,1.6595358798222066e-06,0.002607755616631388,0.001953125
3359,1.6529068474302231e-06,0.0025433070199648126,0.001953125
3360,1.6518173547499944e-06,0.005478643550676465,0.00390625
3361,1.6441993425091551e-06,0.005249262326275484,0.001953125
3362,1.6367183433372551e-06,0.005031713926444543,0.001953125
3363,1.6293640004365014e-06,0.004825472653823955,0.001953125
3364,1.622126896666689e-06,0.004630036542662613,0.001953125
3365,1.614998468550293e-06,0.004444926017149062,0.001953125
3366,1.6079709281504982e-06,0.004269682598853109,0.001953125
3367,1.6010371921013827e-06,0.004103867663099773,0.001953125
3368,1.594190817135448e-06,0.003947061244751433,0.001953125
3369,1.5874259415136554e-06,0.003798860894526252,0.001953125
3370,1.5807372318175753e-06,0.0036588805876062894,0.001953125
3371,1.5741198346127289e-06,0.003526749686856671,0.001953125
3372,1.567569332537161e-06,0.003402111963453295,0.001953125
3373,1.561081704410094e-06,0.003284624678063513,0.001953125
3374,1.5546532889926194e-06,0.0031739577259045026,0.001953125
3375,1.5482807520660702e-06,0.003069792848983067,0.001953125
3376,1.5419610565243365e-06,0.0029718229185697986,0.001953125
3377,1.5356914352041817e-06,0.0028797512904617487,0.001953125
3378,1.5294693662028985e-06,0.0027932912348362722,0.001953125
3379,1.5232925504555735e-06,0.002712165441506444,0.001953125
3380,1.5171588913650946e-06,0.002636105600185585,0.001953125
3381,1.511066476296962e-06,0.002564852054003579,0.001953125
3382,1.5050135597681784e-06,0.002498153523055942,0.001953125
3383,1.4989985481751209e-06,0.0024357668932860443,0.001953125
3384,1.4982599255527361e-06,0.00527122558509114,0.00390625
3385,1.4913255185135565e-06,0.005049992568763282,0.001953125
3386,1.4845177349254257e-06,0.00484015136140047,0.001953125
3387,1.4778269654853018e-06,0.004641195727447203,0.001953125
3388,1.4712444729075689e-06,0.0044526423469480455,0.001953125
3389,1.4647623121186676e-06,0.004274029526705197,0.001953125
3390,1.458373257758007e-06,0.004104915958319154,0.001953125
3391,1.4520707383162488e-06,0.0039448795227889815,0.001953125
3392,1.4458487763032957e-06,0.003793516141968587,0.001953125
3393,1.439701933893946e-06,0.003650438677798664,0.001953125
3394,1.4336252635497222e-06,0.0035152758808381103,0.001953125
3395,1.427614263161291e-06,0.0033876713901759754,0.001953125
3396,1.4216648352976003e-06,0.003267282787283296,0.001953125
3397,1.4157732501857556e-06,0.0031537807067286094,0.001953125
3398,1.4099361120800774e-06,0.003046848006895509,0.001953125
3399,1.404150328710045e-06,0.0029461790038714433,0.001953125
3400,1.3984130835252559e-06,0.0028514787714950737,0.001953125
3401,1.3927218104813196e-06,0.0027624625101348547,0.001953125
3402,1.3870741711340597e-06,0.0026788549861160157,0.001953125
3403,1.3814680338306924e-06,0.002600390042824049,0.001953125
3404,1.3759014548059982e-06,0.0025268101834144295,0.001953125
3405,1.3703726610090786e-06,0.0024578662237925227,0.001953125
3406,1.364880034502261e-06,0.002393317013152862,0.001953125
3407,1.3594220982882146e-06,0.002332929217954764,0.001953125
3408,1.3589837139359008e-06,0.005071789257174222,0.00390625
3409,1.3526711071631124e-06,0.004858420050853278,0.001953125
3410,1.3464755312134574e-06,0.004656018115965867,0.001953125
3411,1.3403880702854038e-06,0.004464095943856707,0.001953125
3412,1.334400617823853e-06,0.004282188151859858,0.001953125
3413,1.3285058024588119e-06,0.004109850245251413,0.001953125
3414,1.3226969207244759e-06,0.003946657423994285,0.001953125
3415,1.3169678759379567e-06,0.003792203433822035,0.001953125
3416,1.3113131226737222e-06,0.0036460994617950253,0.001953125
3417,1.3057276163214516e-06,0.003507973077056535,0.001953125
3418,1.3002067672618964e-06,0.0033774672180983127,0.001953125
3419,1.2947463992379647e-06,0.003254239228389352,0.001953125
3420,1.289342711536943e-06,0.0031379599426988153,0.001953125
3421,1.2839922446349327e-06,0.003028312826821237,0.001953125
3422,1.2786918489865285e-06,0.0029249931736552723,0.001953125
3423,1.2734386566717875e-06,0.002827707358663215,0.001953125
3424,1.2682300556388884e-06,0.002736172157618281,0.001953125
3425,1.2630636663048458e-06,0.0026501141292086545,0.001953125
3426,1.2579373202983914e-06,0.0025692690645007727,0.001953125
3427,1.2528490411488997e-06,0.002493381504472228,0.001953125
3428,1.2477970267431934e-06,0.0024222043258259785,0.001953125
3429,1.2427796333883778e-06,0.0023554983941280424,0.001953125
3430,1.237795361333665e-06,0.002293032282022288,0.001953125
3431,1.2328428416176123e-06,0.002234582048933754,0.001953125
3432,1.2326600721460667e-06,0.0048800203895632555,0.00390625
3433,1.226913083138009e-06,0.004674240254393215,0.001953125
3434,1.2212742673672644e-06,0.004479018716749842,0.001953125
3435,1.215735352444659e-06,0.004293886288767871,0.001953125
3436,1.210288816975102e-06,0.004118394844589802,0.001953125
3437,1.2049278218268646e-06,0.003952116431149873,0.001953125
3438,1.1996461476932536e-06,0.0037946421217854723,0.001953125
3439,1.1944381383705837e-06,0.0036455809121079463,0.001953125
3440,1.189298649229112e-06,0.0035045586581186005,0.001953125
3441,1.184223000401503e-06,0.003371217057121065,0.001953125
3442,1.1792069342569219e-06,0.0032452126725401034,0.001953125
3443,1.1742465767683977e-06,0.003126216004286445,0.001953125
3444,1.1693384024170123e-06,0.0030139106067802405,0.001953125
3445,1.1644792023091153e-06,0.0029079922571316136,0.001953125
3446,1.1596660552123985e-06,0.0028081681762432064,0.001953125
3447,1.1548963012436054e-06,0.002714156305714566,0.001953125
3448,1.150167517965109e-06,0.0026256846433627807,0.001953125
3449,1.1454774986698205e-06,0.002542490639905405,0.001953125
3450,1.1408242326540794e-06,0.0024643206588672176,0.001953125
3451,1.1362058872965273e-06,0.002390929501071114,0.001953125
3452,1.1316207917776114e-06,0.002322079994169522,0.001953125
3453,1.127067422289526e-06,0.0022575426465962145,0.001953125
3454,1.1225443886001306e-06,0.0021970953641148633,0.001953125
3455,1.1180504218468879e-06,0.0021405232258695536,0.001953125
3456,1.1135843634482091e-06,0.002087618315572959,0.001953125
3457,1.1128515541168628e-06,0.004497161086810718,0.00390625
3458,1.1077191023615313e-06,0.004308869824180742,0.001953125
3459,1.1026789687935386e-06,0.004130291611376242,0.001953125
3460,1.0977241749034167e-06,0.003960994925718857,0.001953125
3461,1.0928483753329926e-06,0.0038005677251543926,0.001953125
3462,1.088045799931095e-06,0.0036486163469504726,0.001953125
3463,1.0833112011141364e-06,0.003504764446704571,0.001953125
3464,1.0786398060458888e-06,0.0033686519775152674,0.001953125
3465,1.0740272731952449e-06,0.003239934209706442,0.001953125
3466,1.0694696528711485e-06,0.0031182807920295034,0.001953125
3467,1.064963351370574e-06,0.003003374855782018,0.001953125
3468,1.060505098408771e-06,0.0028949121637474374,0.001953125
3469,1.0560919175312709e-06,0.002792600306251537,0.001953125
3470,1.0517210992346728e-06,0.002696157946916132,0.001953125
3471,1.0473901765482102e-06,0.002605314120838934,0.001953125
3472,1.0430969028508046e-06,0.0025198075879113804,0.001953125
3473,1.0388392317189478e-06,0.0024393862437808137,0.001953125
3474,1.0346152986194782e-06,0.0023638065905542778,0.001953125
3475,1.0304234042783538e-06,0.0022928332687247267,0.001953125
3476,1.0262619995719723e-06,0.0022262386509863015,0.001953125
3477,1.0221296718016524e-06,0.002163802497618267,0.001953125
3478,1.018025132224639e-06,0.0021053116719971176,0.001953125
3479,1.0139472047265995e-06,0.0020505599135966393,0.001953125
3480,1.0098948155310983e-06,0.001999347664620477,0.001953125
3481,1.0093982977331427e-06,0.004326902354973691,0.00390625
3482,1.0047264027455948e-06,0.004145299715124138,0.001953125
3483,1.0001398255893798e-06,0.003973048114983577,0.001953125
3484,9.956320914236502e-07,0.0038097320071538705,0.001953125
3485,9.91197312982193e-07,0.003654954655011414,0.001953125
3486,9.868301367997167e-07,0.003508337074767389,0.001953125
3487,9.825256943611902e-07,0.0033695170160102966,0.001953125
3488,9.782795577235134e-07,0.003238147980464426,0.001953125
3489,9.740876992000657e-07,0.0031138982792067206,0.001953125
3490,9.699464547361673e-07,0.0029964501290960953,0.001953125
3491,9.65852490637538e-07,0.002885498789665155,0.001953125
3492,9.618027733447778e-07,0.002780751742181764,0.001953125
3493,9.577945419750024e-07,0.0026819279129806062,0.001953125
3494,9.538252833772846e-07,0.0025887569434642032,0.001953125
3495,9.498927094717661e-07,0.002500978509349181,0.001953125
3496,9.459947366633552e-07,0.0024183416917591613,0.001953125
3497,9.42129467140083e-07,0.002340604402616661,0.001953125
3498,9.382951718835684e-07,0.0022675328664463483,0.001953125
3499,9.344902752348472e-07,0.002198901160164297,0.001953125
3500,9.307133408731644e-07,0.0021344908116984565,0.001953125
3501,9.269630590783731e-07,0.00207409045738421,0.001953125
3502,9.23238235159419e-07,0.002017495557040193,0.001953125
3503,9.195377789421564e-07,0.001964508164501183,0.001953125
3504,9.15860695219506e-07,0.0019149367502257623,0.001953125
3505,9.155663660408629e-07,0.004163195262261823,0.00390625
3506,9.113133896010191e-07,0.00398804778847872,0.001953125
3507,9.071392676251891e-07,0.0038219028703922226,0.001953125
3508,9.03037992560093e-07,0.003664360332644182,0.001953125
3509,8.990041021313242e-07,0.0035150381624716753,0.001953125
3510,8.950326294400352e-07,0.003373571493462354,0.001953125
3511,8.911190576283331e-07,0.0032396116260759466,0.001953125
3512,8.872592786951122e-07,0.0031128250845592603,0.001953125
3513,8.834495560823379e-07,0.0029928927103633463,0.001953125
3514,8.796864906865875e-07,0.0028795087926592627,0.001953125
3515,8.759669899822557e-07,0.002772380237026512,0.001953125
3516,8.722882399715458e-07,0.0026712257738350726,0.001953125
3517,8.686476797024445e-07,0.0025757752082336527,0.001953125
3518,8.650429781195753e-07,0.0024857687139666048,0.001953125
3519,8.614720130343522e-07,0.0024009561734416717,0.001953125
3520,8.579328520203998e-07,0.002321096566533332,0.001953125
3521,8.544237350579841e-07,0.002245957410508104,0.001953125
3522,8.509430587673234e-07,0.002175314253181045,0.001953125
3523,8.474893620853125e-07,0.0021089502209479635,0.001953125
3524,8.44061313253515e-07,0.002046655622688021,0.001953125
3525,8.406576979973712e-07,0.0019882276097119202,0.001953125
3526,8.372774087875653e-07,0.0019334698909711364,0.001953125
3527,8.339194350844747e-07,0.0018821925016861076,0.001953125
3528,8.305828544757002e-07,0.0018342116224496804,0.001953125
3529,8.304606580253963e-07,0.004005781927779131,0.00390625
3530,8.265887496262212e-07,0.0038368640926849306,0.001953125
3531,8.227897275753036e-07,0.003676613351007009,0.001953125
3532,8.190580178564734e-07,0.003524644319821348,0.001953125
3533,8.15388552481381e-07,0.0033805891516591326,0.001953125
3534,8.117767231780036e-07,0.0032440965583451155,0.001953125
3535,8.082183393190295e-07,0.0031148308699896986,0.001953125
3536,8.047095897019501e-07,0.0029924711286677505,0.001953125
3537,8.012470078282229e-07,0.0028767102167717748,0.001953125
3538,7.978274403611577e-07,0.0027672540204910904,0.001953125
3539,7.944480184715056e-07,0.0026638206293274546,0.001953125
3540,7.911061318063743e-07,0.0025661395729922364,0.001953125
3541,7.877994048412951e-07,0.002473951097418586,0.001953125
3542,7.8452567539726e-07,0.0023870054819389117,0.001953125
3543,7.812829751245198e-07,0.0023050623998968384,0.001953125
3544,7.7806951177308e-07,0.002227890325057378,0.001953125
3545,7.748836530863196e-07,0.002155265986125603,0.001953125
3546,7.71723912169129e-07,0.0020869738714640955,0.001953125
3547,7.685889341955741e-07,0.0020228057857020706,0.001953125
3548,7.654774843334477e-07,0.0019625604593537667,0.001953125
3549,7.623884367742977e-07,0.0019060432118220224,0.001953125
3550,7.593207647677278e-07,0.001853065667279545,0.001953125
3551,7.562735315680201e-07,0.0018034455219326638,0.001953125
3552,7.532458822095617e-07,0.0017570063601290555,0.001953125
3553,7.502370360351898e-07,0.0017135775157288739,0.001953125
3554,7.497441205223374e-07,0.0036915088741333872,0.00390625
3555,7.46286246112206e-07,0.0035369469886360025,0.001953125
3556,7.428905749514103e-07,0.0033903581227571256,0.001953125
3557,7.395524048528512e-07,0.0032513880577957725,0.001953125
3558,7.362674602535222e-07,0.003119698566154337,0.001953125
3559,7.330318531710251e-07,0.0029949665073397656,0.001953125
3560,7.298420477345654e-07,0.0028768829570518764,0.001953125
3561,7.266948279631729e-07,0.002765152369237373,0.001953125
3562,7.235872684938571e-07,0.002659491771428718,0.001953125
3563,7.205167079896189e-07,0.002559629994126483,0.001953125
3564,7.174807249819764e-07,0.0024653069354051596,0.001953125
3565,7.144771159251138e-07,0.00237627286230523,0.001953125
3566,7.115038752591762e-07,0.0022922877508952783,0.001953125
3567,7.085591772987662e-07,0.0022131206671220064,0.001953125
3568,7.05641359779542e-07,0.0021385491906878774,0.001953125
3569,7.027489089111108e-07,0.00206835888418243,0.001953125
3570,6.998804457983163e-07,0.0020023428095248754,0.001953125
3571,6.970347141056355e-07,0.0019403010934400942,0.001953125
3572,6.94210568850879e-07,0.0018820405431844106,0.001953125
3573,6.914069662248017e-07,0.0018273743130695107,0.001953125
3574,6.886229543427014e-07,0.001776121621522918,0.001953125
3575,6.858576648426762e-07,0.0017281075175041918,0.001953125
3576,6.831103052530305e-07,0.0016831626941113712,0.001953125
3577,6.803801520584112e-07,0.0016411233462146754,0.001953125
3578,6.800463692302659e-07,0.003551752145509192,0.00390625
3579,6.768987816710571e-07,0.003402680749030495,0.001953125
3580,6.738086806204811e-07,0.003261285214083896,0.001953125
3581,6.707717032679606e-07,0.0031272244353299206,0.001953125
3582,6.677838827169733e-07,0.0030001727486633225,0.001953125
3583,6.648416117517486e-07,0.00287981906280844,0.001953125
3584,6.619416099211674e-07,0.0027658660225013507,0.001953125
3585,6.590808936361699e-07,0.002658029203039578,0.001953125
3586,6.562567490047717e-07,0.0025560363363976795,0.001953125
3587,6.534667071540576e-07,0.002459626569526984,0.001953125
3588,6.507085218114604e-07,0.0023685497558648284,0.001953125
3589,6.479801489384835e-07,0.0022825657814541764,0.001953125
3590,6.452797282289587e-07,0.0022014439273969986,0.001953125
3591,6.426055663011371e-07,0.002124962270610534,0.001953125
3592,6.399561214285397e-07,0.0020529071250005456,0.001953125
3593,6.373299896686862e-07,0.001985072525186815,0.001953125
3594,6.347258922617273e-07,0.0019212597547941413,0.001953125
3595,6.321426641827136e-07,0.0018612769210432035,0.001953125
3596,6.29579243741887e-07,0.0018049385769346028,0.001953125
3597,6.270346631370398e-07,0.0017520653917208868,0.001953125
3598,6.245080398707836e-07,0.001702483869621781,0.001953125
3599,6.219985689535382e-07,0.0016560261158854006,0.001953125
3600,6.195055158203087e-07,0.00161252964837217,0.001953125
3601,6.170282098959004e-07,0.001571837251886764,0.001953125
3602,6.168305891623267e-07,0.003417373273155005,0.00390625
3603,6.139652363017219e-07,0.0032736007262513214,0.001953125
3604,6.111530150191514e-07,0.0031372179857683913,0.001953125
3605,6.083898773667107e-07,0.0030078965645622758,0.001953125
3606,6.056721428112169e-07,0.002885322884643476,0.001953125
3607,6.02996464608821e-07,0.0027691974429976556,0.001953125
3608,6.003597992580644e-07,0.002659234007584704,0.001953125
3609,5.977593787495482e-07,0.0025551588432096615,0.001953125
3610,5.951926853561682e-07,0.0024567099673540533,0.001953125
3611,5.926574287313287e-07,0.0023636364364565655,0.001953125
3612,5.901515251038267e-07,0.002275697663524061,0.001953125
3613,5.876730783774555e-07,0.0021926627683207457,0.001953125
3614,5.85220362960944e-07,0.002114309961704921,0.001953125
3615,5.827918081698136e-07,0.0020404259659371517,0.001953125
3616,5.803859840562409e-07,0.0019708054729477976,0.001953125
3617,5.780015885361904e-07,0.0019052506426034184,0.001953125
3618,5.756374356950432e-07,0.0018435706429310132,0.001953125
3619,5.732924451638341e-07,0.0017855812340318456,0.001953125
3620,5.709656324680755e-07,0.0017311043970353883,0.001953125
3621,5.686561002601266e-07,0.0016799680089107827,0.001953125
3622,5.663630303542177e-07,0.001632005563280779,0.001953125
3623,5.640856764906437e-07,0.0015870559365955233,0.001953125
3624,5.618233577623705e-07,0.0015449631981556298,0.001953125
3625,5.595754526434076e-07,0.0015055764615697818,0.001953125
3626,5.59493749456573e-07,0.003288160582579828,0.00390625
3627,5.568851309051447e-07,0.0031495017549926325,0.001953125
3628,5.543256226905278e-07,0.003017957367673546,0.001953125
3629,5.518114689861517e-07,0.0028932110759078257,0.001953125
3630,5.493392549323902e-07,0.002774960929326676,0.001953125
3631,5.469058754313811e-07,0.0026629185706300257,0.001953125
3632,5.445085067987208e-07,0.0025568084631642785,0.001953125
3633,5.421445810104809e-07,0.0024563671469711537,0.001953125
3634,5.398117623079353e-07,0.0023613425232968653,0.001953125
3635,5.375079259441481e-07,0.0022714931679317513,0.001953125
3636,5.35231138876323e-07,0.0021865876741270682,0.001953125
3637,5.329796422257796e-07,0.0021064040261924576,0.001953125
3638,5.307518353437238e-07,0.002030729005196454,0.001953125
3639,5.285462613357968e-07,0.0019593576284525588,0.001953125
3640,5.263615939118485e-07,0.0018920926246532202,0.001953125
3641,5.241966254396095e-07,0.0018287439465918334,0.001953125
3642,5.220502560920372e-07,0.0017691283233692149,0.001953125
3643,5.19921483988212e-07,0.0017130688538006514,0.001953125
3644,5.17809396236818e-07,0.0016603946424136812,0.001953125
3645,5.15713160799576e-07,0.001610940478954783,0.001953125
3646,5.136320190995608e-07,0.0015645465617145893,0.001953125
3647,5.115652793062047e-07,0.0015210582642562905,0.001953125
3648,5.095123102350359e-07,0.001480325944321297,0.001953125
3649,5.074725358058725e-07,0.0014422047928299131,0.001953125
3650,5.05445430008341e-07,0.0014065547200394195,0.001953125
3651,5.051138693680267e-07,0.00303018704003616,0.00390625
3652,5.027842000942346e-07,0.002903312463085178,0.001953125
3653,5.004964429000241e-07,0.0027829825909736175,0.001953125
3654,4.982474294060287e-07,0.0026689066605494836,0.001953125
3655,4.960342786967458e-07,0.0025608070353109985,0.001953125
3656,4.938543710126198e-07,0.0024584184633633143,0.001953125
3657,4.917053238506462e-07,0.0023614873625335186,0.001953125
3658,4.895849702529917e-07,0.002269771132543669,0.001953125
3659,4.874913390833117e-07,0.0021830374945032665,0.001953125
3660,4.854226371087838e-07,0.00210106385834328,0.001953125
3661,4.833772327225427e-07,0.0020236367191597275,0.001953125
3662,4.813536411563308e-07,0.0019505510837490964,0.001953125
3663,4.793505110469329e-07,0.001881609928881451,0.001953125
3664,4.773666122324509e-07,0.0018166236930493291,0.001953125
3665,4.754008246658258e-07,0.0017554098035307197,0.001953125
3666,4.7345212834331726e-07,0.0016977922405933662,0.001953125
3667,4.715195941550207e-07,0.001643601140529612,0.001953125
3668,4.6960237557300705e-07,0.0015926724389358378,0.001953125
3669,4.676997011003974e-07,0.001544847555235657,0.001953125
3670,4.6581086741170786e-07,0.001499973118897929,0.001953125
3671,4.6393523312117736e-07,0.001457900737136006,0.001953125
3672,4.62072213121584e-07,0.0014184868031202219,0.001953125
3673,4.602212734413215e-07,0.001381592342927501,0.001953125
3674,4.58381926572287e-07,0.0013470828986331747,0.001953125
3675,4.5815753674672215e-07,0.0029154678020486572,0.00390625
3676,4.5603691502717883e-07,0.0027931002004198107,0.001953125
3677,4.5395502730801557e-07,0.002677033379671936,0.001953125
3678,4.5190893388492075e-07,0.002566987340801691,0.001953125
3679,4.4989596182469726e-07,0.002462694760077306,0.001953125
3680,4.479136805508744e-07,0.0023639002762127917,0.001953125
3681,4.459598796644873e-07,0.00227035980346907,0.001953125
3682,4.4403254879538905e-07,0.0021818398705015334,0.001953125
3683,4.4212985929819463e-07,0.0020981169851162834,0.001953125
3684,4.4025014762397544e-07,0.0020189770254419874,0.001953125
3685,4.38391900214285e-07,0.0019442146583584492,0.001953125
3686,4.3655373977814274e-07,0.001873632786331289,0.001953125
3687,4.347344128253624e-07,0.001807042024066901,0.001953125
3688,4.32932778341203e-07,0.0017442602066036963,0.001953125
3689,4.311477974978514e-07,0.0016851119305747663,0.001953125
3690,4.293785243078126e-07,0.0016294281303946567,0.001953125
3691,4.2762409713297205e-07,0.0015770456910229715,0.001953125
3692,4.2588373097099307e-07,0.0015278070987288493,0.001953125
3693,4.241567104478804e-07,0.0014815601309185282,0.001953125
3694,4.2244238345206e-07,0.001438157585597162,0.001953125
3695,4.2074015535124193e-07,0.0013974570504291697,0.001953125
3696,4.190494837387113e-07,0.0013593207106618289,0.001953125
3697,4.1736987366057654e-07,0.0013236151944168001,0.001953125
3698,4.1570087327994316e-07,0.0012902114530733326,0.001953125
3699,4.1556818176237076e-07,0.002805162938972934,0.00390625
3700,4.136377083976912e-07,0.002687145000367587,0.001953125
3701,4.11743034734331e-07,0.0025751930326260056,0.001953125
3702,4.098814332253931e-07,0.002469037394439139,0.001953125
3703,4.080504238919411e-07,0.002368420682994246,0.001953125
3704,4.062477516658513e-07,0.0022730970492429708,0.001953125
3705,4.0447136580695706e-07,0.0021828315379403707,0.001953125
3706,4.0271940120457677e-07,0.0020973994522028583,0.001953125
3707,4.0099016139090543e-07,0.0020165857426572066,0.001953125
3708,3.992821031095449e-07,0.00194018442158143,0.001953125
3709,3.975938222967947e-07,0.0018679980027601745,0.001953125
3710,3.9592404134636237e-07,0.0017998369680783616,0.001953125
3711,3.9427159753999194e-07,0.0017355192621409188,0.001953125
3712,3.926354325372689e-07,0.001674869816415306,0.001953125
3713,3.9101458282762986e-07,0.0016177201045284094,0.001953125
3714,3.8940817105648585e-07,0.0015639077303918438,0.001953125
3715,3.87815398145431e-07,0.0015132760507637765,0.001953125
3716,3.8623553613383613e-07,0.0014656738336690691,0.001953125
3717,3.846679216757838e-07,0.0014209549537868664,0.001953125
3718,3.831119501323442e-07,0.0013789781254773081,0.001953125
3719,3.8156707020468986e-07,0.0013396066735673084,0.001953125
3720,3.8003277905853105e-07,0.0013027083413689972,0.001953125
3721,3.785086178948936e-07,0.0012681551346921112,0.001953125
3722,3.769941679263717e-07,0.0012358231998694604,0.001953125
3723,3.7693953850367216e-07,0.002699098702298581,0.00390625
3724,3.7518203343042765e-07,0.002585278457759907,0.001953125
3725,3.734576185927895e-07,0.002477298148160974,0.001953125
3726,3.717637632779645e-07,0.002374898099356409,0.001953125
3727,3.7009816652032565e-07,0.002277830453099961,0.001953125
3728,3.68458736075027e-07,0.0021858585093201682,0.001953125
3729,3.668435693166125e-07,0.002098756092080849,0.001953125
3730,3.652509358863792e-07,0.002016306938910867,0.001953125
3731,3.636792619283925e-07,0.0019383041134938557,0.001953125
3732,3.6212711576870854e-07,0.0018645494420212055,0.001953125
3733,3.6059319490567306e-07,0.0017948529738207328,0.001953125
3734,3.5907631419126547e-07,0.0017290324671663687,0.001953125
3735,3.575753950944439e-07,0.0016669129014359508,0.001953125
3736,3.560894559474314e-07,0.0016083260169978666,0.001953125
3737,3.546176030849532e-07,0.0015531098843549712,0.001953125
3738,3.531590227946716e-07,0.001501108504138203,0.001953125
3739,3.5171297400455275e-07,0.0014521714395066498,0.001953125
3740,3.5027878163969607e-07,0.0014061534823629576,0.001953125
3741,3.4885583058733606e-07,0.0013629143545256385,0.001953125
3742,3.474435602143365e-07,0.0013223184446126115,0.001953125
3743,3.4604145938659525e-07,0.0012842345808909675,0.001953125
3744,3.4464906194440737e-07,0.001248535839753051,0.001953125
3745,3.4326594259204456e-07,0.0012150993888136897,0.001953125
3746,3.4189171316362545e-07,0.0011838063629205744,0.001953125
3747,3.4052601923083e-07,0.0011545417706676866,0.001953125
3748,3.4030299156486054e-07,0.0024873390374853584,0.00390625
3749,3.3873342484443107e-07,0.002383192033206828,0.001953125
3750,3.371920981804939e-07,0.002284417292448783,0.001953125
3751,3.356768766881232e-07,0.002190776140028595,0.001953125
3752,3.341858191786125e-07,0.0021020406760629477,0.001953125
3753,3.327171604329174e-07,0.002017993166864962,0.001953125
3754,3.312692950979878e-07,0.0019384254581331385,0.001953125
3755,3.2984076305740645e-07,0.0018631384103493915,0.001953125
3756,3.284302361413609e-07,0.0017919413566002537,0.001953125
3757,3.2703650605332594e-07,0.0017246515833314368,0.001953125
3758,3.256584734020655e-07,0.001661093834829857,0.001953125
3759,3.242951377377586e-07,0.001601099842485246,0.001953125
3760,3.229455885003187e-07,0.0015445078800998878,0.001953125
3761,3.2160899679639334e-07,0.0014911623466729153,0.001953125
3762,3.20284607929176e-07,0.0014409133781679794,0.001953125
3763,3.1897173461210846e-07,0.0013936164897641852,0.001953125
3764,3.176697508038605e-07,0.0013491322499770582,0.001953125
3765,3.163780861077101e-07,0.0013073259878106452,0.001953125
3766,3.150962206836488e-07,0.001268067533761473,0.001953125
3767,3.1382368062627255e-07,0.001231230995045387,0.001953125
3768,3.1256003376581424e-07,0.0011966945648728604,0.001953125
3769,3.1130488585357784e-07,0.001164340364979274,0.001953125
3770,3.1005787709658133e-07,0.0011340543199533674,0.001953125
3771,3.08818679009437e-07,0.0011057260612349995,0.001953125
3772,3.0866782810538914e-07,0.002393171783809702,0.00390625
3773,3.0723910195369257e-07,0.002292724417472014,0.001953125
3774,3.058364745069892e-07,0.002197449088224947,0.001953125
3775,3.044579649637532e-07,0.0021071159566762756,0.001953125
3776,3.0310177227568257e-07,0.002021505588203904,0.001953125
3777,3.017662586970231e-07,0.0019404083678361812,0.001953125
3778,3.0044993483997197e-07,0.0018636239364134336,0.001953125
3779,2.991514460982758e-07,0.0017909606478821287,0.001953125
3780,2.97869560313762e-07,0.0017222350478544183,0.001953125
3781,2.966031565720077e-07,0.0016572713738487051,0.001953125
3782,2.9535121502377327e-07,0.0015959010779011996,0.001953125
3783,2.941128076382866e-07,0.0015379623724915135,0.001953125
3784,2.928870898030662e-07,0.0014832998009427399,0.001953125
3785,2.9167329269277993e-07,0.0014317638336222268,0.001953125
3786,2.9047071633673163e-07,0.0013832104913671513,0.001953125
3787,2.8927872332101525e-07,0.0013375009975735482,0.001953125
3788,2.880967330672304e-07,0.0012945014603055562,0.001953125
3789,2.8692421663497425e-07,0.001254082585594111,0.001953125
3790,2.8576069200015576e-07,0.0012161194227974946,0.001953125
3791,2.846057197655703e-07,0.0011804911424932627,0.001953125
3792,2.8345889926416036e-07,0.0011470808468730701,0.001953125
3793,2.823198650190097e-07,0.0011157754120378134,0.001953125
3794,2.8118828352741254e-07,0.0010864653609667294,0.001953125
3795,2.8006385033934715e-07,0.001059044765293104,0.001953125
3796,2.799747541224912e-07,0.0023026280424862985,0.00390625
3797,2.786741357768879e-07,0.0022057511802771306,0.001953125
3798,2.77397639039277e-07,0.002113853609962459,0.001953125
3799,2.761434260618012e-07,0.0020267139943043167,0.001953125
3800,2.7490982581053733e-07,0.0019441210422936432,0.001953125
3801,2.7369531879886767e-07,0.001865872947091432,0.001953125
3802,2.7249852321853135e-07,0.0017917768443023623,0.001953125
3803,2.7131818234039326e-07,0.0017216482903736222,0.001953125
3804,2.7015315306868555e-07,0.0016553107611777416,0.001953125
3805,2.69002395543118e-07,0.0015925951711079954,0.001953125
3806,2.678649636929216e-07,0.0015333394132791126,0.001953125
3807,2.667399966556738e-07,0.001477387921673223,0.001953125
3808,2.6562671098173237e-07,0.0014245912562877757,0.001953125
3809,2.6452439355235314e-07,0.0013748057125137192,0.001953125
3810,2.63432395146152e-07,0.001327892956083004,0.001953125
3811,2.623501245945538e-07,0.001283719684959481,0.001953125
3812,2.6127704347230466e-07,0.0012421573194932893,0.001953125
3813,2.6021266127406094e-07,0.0012030817220060612,0.001953125
3814,2.5915653103255446e-07,0.0011663729467177957,0.001953125
3815,2.581082453379048e-07,0.001131915020567348,0.001953125
3816,2.5706743272135455e-07,0.0010995957550257562,0.001953125
3817,2.5603375437006177e-07,0.0010693065884712035,0.001953125
3818,2.550069011426423e-07,0.0010409424581098207,0.001953125
3819,2.539865908579262e-07,0.001014401699817383,0.001953125
3820,2.539500642249476e-07,0.0022155651950724383,0.00390625
3821,2.5276597912489446e-07,0.002122134089467069,0.001953125
3822,2.516041900245299e-07,0.00203349673282698,0.001953125
3823,2.504629917046825e-07,0.001949439969502999,0.001953125
3824,2.493408337522735e-07,0.0018697603431724514,0.001953125
3825,2.482363063925143e-07,0.0017942635569494435,0.001953125
3826,2.471481276181835e-07,0.0017227639529362037,0.001953125
3827,2.4607513149723487e-07,0.0016550840109560996,0.001953125
3828,2.4501625755085536e-07,0.001591053866460282,0.001953125
3829,2.4397054110397185e-07,0.0015305108478565186,0.001953125
3830,2.429371045191752e-07,0.001473299033762493,0.001953125
3831,2.4191514923318295e-07,0.001419268830926322,0.001953125
3832,2.409039485223666e-07,0.0013682765737719218,0.001953125
3833,2.3990284093059476e-07,0.0013201841467023047,0.001953125
3834,2.3891122429875594e-07,0.0012748586304151975,0.001953125
3835,2.379285503408758e-07,0.001232171973538023,0.001953125
3836,2.3695431971678624e-07,0.001192000690860134,0.001953125
3837,2.3598807755588596e-07,0.00115422558931899,0.001953125
3838,2.3502940939069456e-07,0.001118731522677675,0.001953125
3839,2.340779374626807e-07,0.001085407175513486,0.001953125
3840,2.3313331736628398e-07,0.0010541448767275904,0.001953125
3841,2.3219523500016655e-07,0.001024840442297565,0.001953125
3842,2.3126340379756692e-07,0.0009973930464486557,0.001953125
3843,2.303375622102044e-07,0.0009717051198427406,0.001953125
3844,2.2941747142251982e-07,0.0009476822728076631,0.001953125
3845,2.2926744856042206e-07,0.0020417405518476086,0.00390625
3846,2.282099845889014e-07,0.0019562498384038014,0.001953125
3847,2.271715485693895e-07,0.0018751689824667518,0.001953125
3848,2.2615070199554741e-07,0.0017983020656625471,0.001953125
3849,2.251461368756159e-07,0.0017254620147578474,0.001953125
3850,2.2415666378807168e-07,0.0016564701016805062,0.001953125
3851,2.2318120103080284e-07,0.00159115546183758,0.001953125
3852,2.2221876476368922e-07,0.001529354630662439,0.001953125
3853,2.212684600536385e-07,0.0014709110985663253,0.001953125
3854,2.2032947273945574e-07,0.0014156748847127408,0.001953125
3855,2.1940106204148903e-07,0.001363502130266121,0.001953125
3856,2.1848255384786373e-07,0.0013142547119780734,0.001953125
3857,2.1757333461536383e-07,0.0012677998771521498,0.001953125
3858,2.1667284582868578e-07,0.001224009901157813,0.001953125
3859,2.1578057896694602e-07,0.0011827617687319846,0.001953125
3860,2.148960709310005e-07,0.0011439368802993552,0.001953125
3861,2.1401889988938873e-07,0.0011074207844499317,0.001953125
3862,2.1314868150457528e-07,0.00107310293752721,0.001953125
3863,2.1228506550467244e-07,0.001040876491001134,0.001953125
3864,2.1142773256901353e-07,0.0010106381069310056,0.001953125
3865,2.1057639149884362e-07,0.000982287801375946,0.001953125
3866,2.0973077664702414e-07,0.0009557288151024222,0.001953125
3867,2.0889064558303813e-07,0.0009308675103939587,0.001953125
3868,2.080557769717538e-07,0.0009076132922165165,0.001953125
3869,2.079543635460568e-07,0.0019644433746186917,0.00390625
3870,2.0699178752315142e-07,0.0018819895801164424,0.001953125
3871,2.060467966342787e-07,0.0018037812860577668,0.001953125
3872,2.0511805619595098e-07,0.0017296298269600067,0.001953125
3873,2.0420435264432174e-07,0.00165935507831997,0.001953125
3874,2.0330458245054347e-07,0.0015927849763211726,0.001953125
3875,2.024177420509387e-07,0.0015297550550090323,0.001953125
3876,2.0154291869907502e-07,0.00147010800081172,0.001953125
3877,2.0067928215534135e-07,0.0014136932245152416,0.001953125
3878,1.9982607713735028e-07,0.001360366451033579,0.001953125
3879,1.9898261646151052e-07,0.0013099893275398558,0.001953125
3880,1.981482748124908e-07,0.0012624290507322938,0.001953125
3881,1.9732248308309084e-07,0.0012175580141871962,0.001953125
3882,1.965047232322966e-07,0.0011752534768873434,0.001953125
3883,1.956945236140784e-07,0.001135397254094631,0.001953125
3884,1.9489145473383515e-07,0.0010978754317478357,0.001953125
3885,1.9409512539333144e-07,0.0010625781054993098,0.001953125
3886,1.9330517918856085e-07,0.0010293991453506131,0.001953125
3887,1.9252129132822366e-07,0.000998235986603605,0.001953125
3888,1.9174316574346622e-07,0.0009689894475129542,0.001953125
3889,1.909705324622159e-07,0.0009415635736173759,0.001953125
3890,1.9020314522388764e-07,0.0009158655082557696,0.001953125
3891,1.8944077931245524e-07,0.0008918053882624725,0.001953125
3892,1.8868322958789521e-07,0.0008692962633097239,0.001953125
3893,1.8862340537692082e-07,0.001890120537301605,0.00390625
3894,1.8774713896456355e-07,0.0018105976590319693,0.001953125
3895,1.8688712554008303e-07,0.0017351620651598954,0.001953125
3896,1.860421267435306e-07,0.001663632069230194,0.001953125
3897,1.8521101661596705e-07,0.001595834231446975,0.001953125
3898,1.843927713126452e-07,0.0015316028973103588,0.001953125
3899,1.8358645975796286e-07,0.001470779752942495,0.001953125
3900,1.8279123515596687e-07,0.0014132133969324066,0.001953125
3901,1.8200632727807784e-07,0.0013587589287475954,0.001953125
3902,1.812310354568809e-07,0.001307277553981752,0.001953125
3903,1.8046472222133923e-07,0.001258636206924757,0.001953125
3904,1.797068075147062e-07,0.0012127071911440886,0.001953125
3905,1.789567634417898e-07,0.0011693678389447621,0.001953125
3906,1.782141094971044e-07,0.0011285001907157866,0.001953125
3907,1.7747840822988376e-07,0.0010899906952621516,0.001953125
3908,1.767492613059601e-07,0.0010537299322501876,0.001953125
3909,1.7602630593017433e-07,0.0010196123578499604,0.001953125
3910,1.7530921159631024e-07,0.0009875360745331084,0.001953125
3911,1.7459767713456686e-07,0.0009574026257741287,0.001953125
3912,1.738914280293291e-07,0.0009291168161086825,0.001953125
3913,1.7319021398248914e-07,0.0009025865566309772,0.001953125
3914,1.7249380669983905e-07,0.0008777227355770195,0.001953125
3915,1.718019978801107e-07,0.0008544391131607353,0.001953125
3916,1.7111459738811124e-07,0.0008326522393299816,0.001953125
3917,1.710901754334877e-07,0.0018186549736809907,0.00390625
3918,1.7029242059277178e-07,0.0017419606095764096,0.001953125
3919,1.6950968866432934e-07,0.0016692012258483632,0.001953125
3920,1.6874083065468395e-07,0.0016002018519341776,0.001953125
3921,1.6798480188035758e-07,0.0015347954791646193,0.001953125
3922,1.6724065242145275e-07,0.001472822617598111,0.001953125
3923,1.6650751844922215e-07,0.0014141308688126262,0.001953125
3924,1.6578461434760925e-07,0.001358574514442052,0.001953125
3925,1.650712255560701e-07,0.0013060141204500853,0.001953125
3926,1.643667020676415e-07,0.00125631615734536,0.001953125
3927,1.6367045252226499e-07,0.0012093526367497568,0.001953125
3928,1.6298193884087024e-07,0.0011650007649292528,0.001953125
3929,1.623006713507096e-07,0.0011231426140730825,0.001953125
3930,1.6162620435696871e-07,0.0010836648122510499,0.001953125
3931,1.609581321197949e-07,0.0010464582530784886,0.001953125
3932,1.6029608519962678e-07,0.0010114178261616585,0.001953125
3933,1.5963972713710605e-07,0.0009784421693725762,0.001953125
3934,1.5898875143693945e-07,0.0009474334439028953,0.001953125
3935,1.5834287882788371e-07,0.0009182971328665998,0.001953125
3936,1.577018547735733e-07,0.0008909418639606458,0.001953125
3937,1.570654472112264e-07,0.0008652792563564932,0.001953125
3938,1.5643344449736523e-07,0.0008412237915948506,0.001953125
3939,1.5580565354159948e-07,0.0008186927078078885,0.001953125
3940,1.5518189811125346e-07,0.0007976059161196988,0.001953125
3941,1.545620172911974e-07,0.0007778859376027323,0.001953125
3942,1.544611018554118e-07,0.0016759695947061713,0.00390625
3943,1.537486564990758e-07,0.0016057931939233324,0.001953125
3944,1.5304903204589486e-07,0.0015392366534360718,0.001953125
3945,1.523612592162101e-07,0.0014761391521262855,0.001953125
3946,1.5168445667247972e-07,0.0014163471296029801,0.001953125
3947,1.5101782297105188e-07,0.0013597138757964163,0.001953125
3948,1.503606292507632e-07,0.0013060991355709657,0.001953125
3949,1.4971221259090354e-07,0.0012553687283003215,0.001953125
3950,1.4907196997726563e-07,0.001207394182548682,0.001953125
3951,1.484393528206068e-07,0.0011620523862010067,0.001953125
3952,1.4781386197694914e-07,0.0011192252525767741,0.001953125
3953,1.4719504322377235e-07,0.001078799403235575,0.001953125
3954,1.4658248315036194e-07,0.0010406658683287608,0.001953125
3955,1.4597580542439553e-07,0.0010047198054579075,0.001953125
3956,1.4537466740032138e-07,0.0009708602380565089,0.001953125
3957,1.4477875703823744e-07,0.0009389898143055245,0.001953125
3958,1.4418779010484396e-07,0.0009090145875174062,0.001953125
3959,1.436015076306446e-07,0.0008808438187714479,0.001953125
3960,1.430196735999364e-07,0.0008543898023542152,0.001953125
3961,1.424420728522757e-07,0.0008295677142560592,0.001953125
3962,1.4186850917605943e-07,0.0008062954836074432,0.001953125
3963,1.4129880357663237e-07,0.0007844936865218377,0.001953125
3964,1.407327927029428e-07,0.000764085461365128,0.001953125
3965,1.4017032741823058e-07,0.0007449964440186895,0.001953125
3966,1.401021494609312e-07,0.0016125202101027988,0.00390625
3967,1.3945363263645493e-07,0.001544836722376712,0.001953125
3968,1.3881696456052058e-07,0.0014806381814625616,0.001953125
3969,1.3819124591029197e-07,0.0014197697198052416,0.001953125
3970,1.375756589746402e-07,0.0013620834808961346,0.001953125
3971,1.3696946018519284e-07,0.0013074382250270287,0.001953125
3972,1.3637197333117528e-07,0.0012556989493820144,0.001953125
3973,1.3578258339544124e-07,0.0012067365223666776,0.001953125
3974,1.352007309548198e-07,0.0011604273322634276,0.001953125
3975,1.3462590709311582e-07,0.0011166529504924023,0.001953125
3976,1.3405764877982794e-07,0.0010752998099422344,0.001953125
3977,1.334955346719468e-07,0.001036258899005523,0.001953125
3978,1.3293918130009913e-07,0.0009994254721004136,0.001953125
3979,1.3238823960385056e-07,0.0009646987775714866,0.001953125
3980,1.318423917841998e-07,0.0009319818039292691,0.001953125
3981,1.3130134844422493e-07,0.0009011810453976723,0.001953125
3982,1.3076484599150129e-07,0.0008722062876837021,0.001953125
3983,1.302326442783238e-07,0.0008449704147576665,0.001953125
3984,1.2970452445796337e-07,0.000819389237232368,0.001953125
3985,1.291802870371783e-07,0.0007953813426585455,0.001953125
3986,1.286597501070131e-07,0.0007728679677185053,0.001953125
3987,1.2814274773556221e-07,0.0007517728919132339,0.001953125
3988,1.276291285078701e-07,0.0007320223519181128,0.001953125
3989,1.271187541994973e-07,0.0007135449753505158,0.001953125
3990,1.2707858493697387e-07,0.0015515122969788414,0.00390625
3991,1.2648821722136429e-07,0.0014862347073820398,0.001953125
3992,1.2590880066851936e-07,0.0014243121920062586,0.001953125
3993,1.2533950085932106e-07,0.0013655956120594232,0.001953125
3994,1.247795591116517e-07,0.0013099425981937588,0.001953125
3995,1.2422828554902568e-07,0.0012572171717979562,0.001953125
3996,1.2368505280379746e-07,0.0012072893799882547,0.001953125
3997,1.2314929029684747e-07,0.001160034944158238,0.001953125
3998,1.2262047904096888e-07,0.0011153349221264045,0.001953125
3999,1.2209814692000853e-07,0.0010730753841023154,0.001953125
4000,1.215818644002057e-07,0.0010331471028701066,0.001953125
4001,1.210712406341595e-07,0.000995445258754755,0.001953125
4002,1.205659199214791e-07,0.0009598691600826195,0.001953125
4003,1.2006557849346145e-07,0.0009263219799634706,0.001953125
4004,1.1956992159213073e-07,0.0008947105102959918,0.001953125
4005,1.1907868081669002e-07,0.0008649449339224958,0.001953125
4006,1.1859161171290312e-07,0.0008369386158224322,0.001953125
4007,1.1810849158316546e-07,0.0008106079141315536,0.001953125
4008,1.1762911749705934e-07,0.0007858720116010315,0.001953125
4009,1.1715330448403889e-07,0.000762652767869228,0.001953125
4010,1.1668088389157021e-07,0.0007408745926140006,0.001953125
4011,1.1621170189357874e-07,0.0007204643392962046,0.001953125
4012,1.1574561813544304e-07,0.0007013512188112975,0.001953125
4013,1.1528250450303381e-07,0.0006834667319555731,0.001953125
4014,1.1526617646839023e-07,0.001492849763101984,0.00390625
4015,1.1472870414064743e-07,0.0014298940124165683,0.001953125
4016,1.1420135416339811e-07,0.0013701683162838057,0.001953125
4017,1.1368335233350752e-07,0.001313529048681261,0.001953125
4018,1.1317399473303161e-07,0.0012598391192717414,0.001953125
4019,1.1267264129673839e-07,0.0012089676096328592,0.001953125
4020,1.1217870996853145e-07,0.0011607894225850366,0.001953125
4021,1.1169167139285951e-07,0.0011151849444426922,0.001953125
4022,1.1121104409213339e-07,0.0010720397201826554,0.001953125
4023,1.1073639008565424e-07,0.00103124414169673,0.001953125
4024,1.1026731090963229e-07,0.0009926931494662874,0.001953125
4025,1.0980344400157465e-07,0.0009562859481587976,0.001953125
4026,1.0934445941568367e-07,0.0009219257367910649,0.001953125
4027,1.0889005683896041e-07,0.0008895194542222168,0.001953125
4028,1.0843996288048357e-07,0.0008589775408213622,0.001953125
4029,1.079939286088533e-07,0.0008302137171904542,0.001953125
4030,1.075517273150803e-07,0.0008031447808034426,0.001953125
4031,1.0711315248027962e-07,0.0007776904213413436,0.001953125
4032,1.0667801592941912e-07,0.0007537730553553217,0.001953125
4033,1.0624614615408875e-07,0.0007313176806760654,0.001953125
4034,1.058173867888162e-07,0.0007102517507118738,0.001953125
4035,1.053915952268715e-07,0.000690505068449123,0.001953125
4036,1.0496864136279001e-07,0.0006720096996010445,0.001953125
4037,1.0454840645001228e-07,0.0006546999039621498,0.001953125
4038,1.0413078206310191e-07,0.0006385120836373225,0.001953125
4039,1.0406289949677442e-07,0.0013757253001431928,0.00390625
4040,1.035829034542374e-07,0.0013181198953781152,0.001953125
4041,1.0311154604913408e-07,0.0012634858765635166,0.001953125
4042,1.0264817417132883e-07,0.001211691232435036,0.001953125
4043,1.0219219396702324e-07,0.0011626099118547848,0.001953125
4044,1.0174306541577462e-07,0.0011161214869315089,0.001953125
4045,1.0130029740399512e-07,0.0010721108284682925,0.001953125
4046,1.008634432494775e-07,0.0010304677936912928,0.001953125
4047,1.004320966356544e-07,0.0009910869263771275,0.001953125
4048,1.0000588791807948e-07,0.0009538671696602894,0.001953125
4049,9.958448076905199e-08,0.0009187115919590093,0.001953125
4050,9.916756912942739e-08,0.0008855271266007619,0.001953125
4051,9.875487443948979e-08,0.000854224325848399,0.001953125
4052,9.834614312333767e-08,0.0008247171301153902,0.001953125
4053,9.794114430357322e-08,0.0007969226532044158,0.001953125
4054,9.753966772520995e-08,0.0007707609843988752,0.001953125
4055,9.714152186964459e-08,0.0007461550081746012,0.001953125
4056,9.6746532241292e-08,0.0007230302421745708,0.001953125
4057,9.635453981107562e-08,0.0007013146939014812,0.001953125
4058,9.596539960241277e-08,0.0006809387363346377,0.001953125
4059,9.557897940664931e-08,0.0006618350023762203,0.001953125
4060,9.51951586160917e-08,0.0006439382976897919,0.001953125
4061,9.481382716387079e-08,0.0006271855311272,0.001953125
4062,9.44348845608562e-08,0.0006115156615683517,0.001953125
4063,9.438905007359244e-08,0.0013236428716973496,0.00390625
4064,9.3952124405597e-08,0.0012680838222115776,0.001953125
4065,9.352318234792618e-08,0.0012153854141294964,0.001953125
4066,9.310161792801721e-08,0.0011654205231914664,0.001953125
4067,9.268688016414695e-08,0.0011180677803058175,0.001953125
4068,9.227846803277282e-08,0.0010732112479337774,0.001953125
4069,9.18759258966204e-08,0.001030740108243239,0.001953125
4070,9.147883935133433e-08,0.0009905483629485,0.001953125
4071,9.108683145237262e-08,0.0009525345449086389,0.001953125
4072,9.069955928733152e-08,0.0009166014417136653,0.001953125
4073,9.031671086207638e-08,0.0008826558316392939,0.001953125
4074,8.99380022719481e-08,0.0008506082324912231,0.001953125
4075,8.956317513194652e-08,0.0008203726639801246,0.001953125
4076,8.919199424217995e-08,0.0007918664243603686,0.001953125
4077,8.882424546704232e-08,0.0007650098821198387,0.001953125
4078,8.845973380854995e-08,0.000739726283516466,0.001953125
4079,8.809828165606278e-08,0.0007159415767120901,0.001953125
4080,8.773972719624106e-08,0.0006935842531508297,0.001953125
4081,8.738392296856794e-08,0.0006725852066652901,0.001953125
4082,8.703073455311064e-08,0.0006528776105714034,0.001953125
4083,8.668003937841398e-08,0.0006343968127375409,0.001953125
4084,8.633172563852716e-08,0.0006170802482962274,0.001953125
4085,8.598569130917293e-08,0.0006008673693219417,0.001953125
4086,8.56418432539822e-08,0.0005856995904440301,0.001953125
4087,8.561487155327124e-08,0.0012735645130407672,0.00390625
4088,8.521712252546981e-08,0.0012199803905138082,0.001953125
4089,8.482675232416673e-08,0.0011691503026927143,0.001953125
4090,8.444319870954423e-08,0.0011209518277964005,0.001953125
4091,8.406595047418393e-08,0.0010752681008848373,0.001953125
4092,8.36945427726369e-08,0.0010319875029985441,0.001953125
4093,8.332855287857737e-08,0.0009910033615424284,0.001953125
4094,8.296759633039418e-08,0.0009522136617986642,0.001953125
4095,8.261132342965683e-08,0.0009155207696004483,0.001953125
4096,8.225941606015032e-08,0.0008808311653476349,0.001953125
4097,8.1911584798129e-08,0.0008480551896913555,0.001953125
4098,8.156756628712825e-08,0.0008171068013514961,0.001953125
4099,8.122712085311274e-08,0.0007879033476508758,0.001953125
4100,8.089003033795763e-08,0.0007603653484449845,0.001953125
4101,8.055609613127417e-08,0.0007344162941875591,0.001953125
4102,8.022513738242053e-08,0.0007099824588918576,0.001953125
4103,7.989698937620124e-08,0.0006869927287178758,0.001953125
4104,7.957150205726964e-08,0.0006653784468315456,0.001953125
4105,7.92485386896187e-08,0.0006450732750403835,0.001953125
4106,7.892797463879277e-08,0.000626013072511858,0.001953125
4107,7.860969626558477e-08,0.0006081357916306059,0.001953125
4108,7.829359992101213e-08,0.0005913813907574948,0.001953125
4109,7.79795910332991e-08,0.0005756917633303595,0.001953125
4110,7.766758327844196e-08,0.0005610106824094108,0.001953125
4111,7.765666719718758e-08,0.0012254113480598188,0.00390625
4112,7.729455525127299e-08,0.0011737331504633167,0.001953125
4113,7.693926368655059e-08,0.0011247063644268611,0.001953125
4114,7.65902708373089e-08,0.0010782130933504823,0.001953125
4115,7.624710239674836e-08,0.001034140805586777,0.001953125
4116,7.590932708270842e-08,0.0009923820358417423,0.001953125
4117,7.557655270020305e-08,0.0009528340973271239,0.001953125
4118,7.52484225644357e-08,0.0009153988045202131,0.001953125
4119,7.492461225129105e-08,0.0008799822065259919,0.001953125
4120,7.46048266453221e-08,0.0008464943311784126,0.001953125
4121,7.428879725799602e-08,0.0008148489401579329,0.001953125
4122,7.397627979145602e-08,0.000784963295535436,0.001953125
4123,7.366705192532147e-08,0.0007567579382715887,0.001953125
4124,7.336091130610655e-08,0.0007301564792978207,0.001953125
4125,7.305767372070734e-08,0.0007050854038723544,0.001953125
4126,7.275717143710505e-08,0.0006814738899340142,0.001953125
4127,7.245925169697677e-08,0.0006592536411606596,0.001953125
4128,7.216377534630578e-08,0.0006383587353722988,0.001953125
4129,7.187061559135748e-08,0.0006187254887979408,0.001953125
4130,7.157965686854334e-08,0.0006002923365498171,0.001953125
4131,7.129079381774614e-08,0.0005829997294222568,0.001953125
4132,7.100393034963421e-08,0.0005667900468627183,0.001953125
4133,7.071897879836002e-08,0.0005516075256606815,0.001953125
4134,7.043585915182567e-08,0.0005373982035811574,0.001953125
4135,7.015449835241411e-08,0.0005241098768508313,0.001953125
4136,7.010883594521404e-08,0.0011292687706976217,0.00390625
4137,6.97854479996971e-08,0.0010819824666420358,0.001953125
4138,6.946788070986002e-08,0.0010371352441476674,0.001953125
4139,6.915569400368738e-08,0.0009946187407418124,0.001953125
4140,6.884848773671626e-08,0.000954329486451685,0.001953125
4141,6.854589803797338e-08,0.000916168627278085,0.001953125
4142,6.824759399044596e-08,0.0008800416587876614,0.001953125
4143,6.795327461545922e-08,0.0008458581697853875,0.001953125
4144,6.766266613313677e-08,0.0008135315961635883,0.001953125
4145,6.737551947366798e-08,0.0007829789851582595,0.001953125
4146,6.709160801642018e-08,0.0007541207703723527,0.001953125
4147,6.681072553603582e-08,0.0007268805580428914,0.001953125
4148,6.653268433656482e-08,0.0007011849251271628,0.001953125
4149,6.625731355641669e-08,0.0006769632298550754,0.001953125
4150,6.598445762849364e-08,0.0006541474354324067,0.001953125
4151,6.571397488129743e-08,0.0006326719475758831,0.001953125
4152,6.544573626810329e-08,0.0006124734665100034,0.001953125
4153,6.517962421247634e-08,0.000593490853953406,0.001953125
4154,6.491553155947857e-08,0.0005756650154684104,0.001953125
4155,6.465336062289082e-08,0.0005589387983435339,0.001953125
4156,6.439302231965875e-08,0.0005432569049314776,0.001953125
4157,6.413443538357737e-08,0.0005285658210842249,0.001953125
4158,6.387752565096002e-08,0.0005148137590259308,0.001953125
4159,6.362222541170078e-08,0.0005019506136992013,0.001953125
4160,6.359141199150279e-08,0.0010865169064006852,0.00390625
4161,6.329704172826215e-08,0.0010409103920775333,0.001953125
4162,6.300805077053603e-08,0.0009976520539851266,0.001953125
4163,6.272403080805482e-08,0.0009566375411671895,0.001953125
4164,6.244461058396383e-08,0.0009177672269204917,0.001953125
4165,6.216945250376357e-08,0.0008809459431569105,0.001953125
4166,6.189824955470625e-08,0.0008460827244255464,0.001953125
4167,6.16307225072247e-08,0.0008130905615266782,0.001953125
4168,6.136661737257325e-08,0.0007818861647770061,0.001953125
4169,6.11057030932236e-08,0.0007523897371140612,0.001953125
4170,6.084776944470633e-08,0.0007245247573521935,0.001953125
4171,6.059262512953964e-08,0.0006982177740175152,0.001953125
4172,6.034009604565926e-08,0.0006733982102879617,0.001953125
4173,6.009002371337345e-08,0.0006499981806400431,0.001953125
4174,5.984226384632969e-08,0.0006279523198485039,0.001953125
4175,5.9596685053308584e-08,0.0006071976249919657,0.001953125
4176,5.9353167658867065e-08,0.0005876733110807431,0.001953125
4177,5.911160263195031e-08,0.0005693206808382094,0.001953125
4178,5.887189061258733e-08,0.0005520830090326711,0.001953125
4179,5.863394102769047e-08,0.0005359054415741306,0.001953125
4180,5.83976712878012e-08,0.0005207349093645238,0.001953125
4181,5.816300605737123e-08,0.0005065200566296239,0.001953125
4182,5.792987659184678e-08,0.0004932111831777708,0.001953125
4183,5.769822013543981e-08,0.00048076019973965423,0.001953125
4184,5.768011009626189e-08,0.001045410073190259,0.00390625
4185,5.741213421215206e-08,0.0010014247149351496,0.001953125
4186,5.7149130136524214e-08,0.000959700024160214,0.001953125
4187,5.6890719026650485e-08,0.0009201355099580091,0.001953125
4188,5.6636556425978637e-08,0.0008826352428711349,0.001953125
4189,5.638632911714629e-08,0.0008471075997238801,0.001953125
4190,5.613975226310566e-08,0.0008134650176834456,0.001953125
4191,5.5896566809981736e-08,0.0007816237574559333,0.001953125
4192,5.565653712770132e-08,0.0007515036756430334,0.001953125
4193,5.5419448866624474e-08,0.0007230280064077936,0.001953125
4194,5.51851070104027e-08,0.000696123152717778,0.001953125
4195,5.495333410709894e-08,0.0006707184875461955,0.001953125
4196,5.472396866224884e-08,0.0006467461655100827,0.001953125
4197,5.449686367903726e-08,0.0006241409455026396,0.001953125
4198,5.427188533212123e-08,0.0006028400249272959,0.001953125
4199,5.404891176286373e-08,0.0005827828861571936,0.001953125
4200,5.3827831984862585e-08,0.0005639111558195505,0.001953125
4201,5.3608544889676974e-08,0.0005461684774353084,0.001953125
4202,5.3390958343578035e-08,0.0005295003978283555,0.001953125
4203,5.317498836699008e-08,0.0005138542675559843,0.001953125
4204,5.296055838905196e-08,0.0004991791554070122,0.001953125
4205,5.274759857042101e-08,0.0004854257767734168,0.001953125
4206,5.253604518807205e-08,0.0004725464354361245,0.001953125
4207,5.232584007641525e-08,0.0004604949780291181,0.001953125
4208,5.2318542533398974e-08,0.0010058835265407296,0.00390625
4209,5.207457634119221e-08,0.0009634626823899545,0.001953125
4210,5.183520568262339e-08,0.0009232182668926595,0.001953125
4211,5.1600079054186565e-08,0.0008850535036562214,0.001953125
4212,5.136887686331633e-08,0.0008488760202203585,0.001953125
4213,5.114130850790838e-08,0.0008145976029534772,0.001953125
4214,5.0917109723213655e-08,0.0007821339607741185,0.001953125
4215,5.0696040171627575e-08,0.0007514044975790867,0.001953125
4216,5.047788125313651e-08,0.0007223320933738877,0.001953125
4217,5.026243411621991e-08,0.0006948428942175806,0.001953125
4218,5.004951785085561e-08,0.0006688661112093209,0.001953125
4219,4.9838967846956436e-08,0.0006443338288530756,0.001953125
4220,4.96306343030925e-08,0.0006211808232346132,0.001953125
4221,4.9424380871739914e-08,0.0005993443905246359,0.001953125
4222,4.922008342855679e-08,0.0005787641863771558,0.001953125
4223,4.901762895433139e-08,0.0005593820768163241,0.001953125
4224,4.881691451928697e-08,0.0005411420011919364,0.001953125
4225,4.861784636037248e-08,0.0005239898477290961,0.001953125
4226,4.842033904302574e-08,0.0005078733420982605,0.001953125
4227,4.822431469967572e-08,0.0004927419492879809,0.001953125
4228,4.8029702337958025e-08,0.0004785467888769175,0.001953125
4229,4.7836437212261304e-08,0.00046524056358032207,0.001953125
4230,4.7644460252806453e-08,0.0004527775006985015,0.001953125
4231,4.745371754699129e-08,0.00044111330583298933,0.001953125
4232,4.7264159868215706e-08,0.00043020512797452217,0.001953125
4233,4.723344427786921e-08,0.0009269641013278863,0.00390625
4234,4.701556795094986e-08,0.000888148393922523,0.001953125
4235,4.68016135428033e-08,0.0008513348225494328,0.001953125
4236,4.659128452858735e-08,0.0008164344370300378,0.001953125
4237,4.638431128707102e-08,0.0007833623033010565,0.001953125
4238,4.618044863848766e-08,0.0007520372764290787,0.001953125
4239,4.597947360780086e-08,0.0007223817819306085,0.001953125
4240,4.5781183392745514e-08,0.000694321605365897,0.001953125
4241,4.558539351789682e-08,0.0006677856902854737,0.001953125
4242,4.539193615773548e-08,0.000642705944718599,0.001953125
4243,4.520065861323736e-08,0.0006190170564986978,0.001953125
4244,4.501142192793169e-08,0.0005966563178170527,0.001953125
4245,4.482409963065949e-08,0.0005755634594768027,0.001953125
4246,4.463857659343215e-08,0.0005556804953783102,0.001953125
4247,4.4454747993852614e-08,0.0005369515777978932,0.001953125
4248,4.42725183725262e-08,0.0005193228640188757,0.001953125
4249,4.4091800776764376e-08,0.0005027423948320792,0.001953125
4250,4.3912515982681335e-08,0.00048715998533913844,0.001953125
4251,4.373459178850609e-08,0.00047252712836554214,0.001953125
4252,4.3557962372590384e-08,0.00045879691062306114,0.001953125
4253,4.338256771018909e-08,0.00044592394155827734,0.001953125
4254,4.320835304363256e-08,0.0004338642945934528,0.001953125
4255,4.303526840100256e-08,0.00042257546021894944,0.001953125
4256,4.286326815887129e-08,0.0004120163101460026,0.001953125
4257,4.2842553102985517e-08,0.000891871230071279,0.00390625
4258,4.2644226781953573e-08,0.0008544344100461855,0.001953125
4259,4.2449525002699445e-08,0.0008189251058628367,0.001953125
4260,4.225817264174837e-08,0.000785257660211242,0.001953125
4261,4.2069919542612134e-08,0.0007533502937857823,0.001953125
4262,4.188453823085679e-08,0.0007231248872375335,0.001953125
4263,4.1701821838358924e-08,0.0006945067710557168,0.001953125
4264,4.1521582217598514e-08,0.0006674245233221299,0.001953125
4265,4.1343648228590174e-08,0.0006418097753871889,0.001953125
4266,4.1167864182647056e-08,0.0006175970256216313,0.001953125
4267,4.099408842861926e-08,0.0005947234615001548,0.001953125
4268,4.0822192068562574e-08,0.0005731287903676479,0.001953125
4269,4.065205779098796e-08,0.0005527550793197697,0.001953125
4270,4.048357881092704e-08,0.0005335466046915783,0.001953125
4271,4.0316657907034144e-08,0.0005154497116845826,0.001953125
4272,4.015120654684108e-08,0.0004984126846682828,0.001953125
4273,3.9987144092093954e-08,0.0004823856286620415,0.001953125
4274,3.982439707684039e-08,0.0004673203624335795,0.001953125
4275,3.966289855160655e-08,0.00045317032354012007,0.001953125
4276,3.9502587487613446e-08,0.00043989048548840216,0.001953125
4277,3.934340823553558e-08,0.0004274372870045058,0.001953125
4278,3.9185310033808595e-08,0.0004157685731907349,0.001953125
4279,3.9028246561949546e-08,0.00040484354811451065,0.001953125
4280,3.887217553476868e-08,0.0003946227381354322,0.001953125
4281,3.886001573628856e-08,0.0008581286748646918,0.00390625
4282,3.8679472037433506e-08,0.0008220226113638754,0.001953125
4283,3.8502278313076254e-08,0.0007877722316187942,0.001953125
4284,3.832817929525366e-08,0.0007552950468564409,0.001953125
4285,3.815694288577488e-08,0.0007245123126661267,0.001953125
4286,3.798835803574863e-08,0.0006953488195457577,0.001953125
4287,3.7822232819242485e-08,0.0006677326910239375,0.001953125
4288,3.765839268330076e-08,0.0006415951892799168,0.001953125
4289,3.7496678858175194e-08,0.00061687052828253,0.001953125
4290,3.733694691310022e-08,0.0005934956945697501,0.001953125
4291,3.7179065444287934e-08,0.0005714102758889463,0.001953125
4292,3.702291488303784e-08,0.0005505562980100859,0.001953125
4293,3.6868386412964257e-08,0.0005308780701050018,0.001953125
4294,3.671538098635168e-08,0.000512322039149909,0.001953125
4295,3.656380843056245e-08,0.0004948366538498229,0.001953125
4296,3.6413586636252343e-08,0.0004783722385968097,0.001953125
4297,3.6264640819904274e-08,0.0004628808779541604,0.001953125
4298,3.611690285387616e-08,0.0004483163121019671,0.001953125
4299,3.5970310657781756e-08,0.0004346338435843188,0.001953125
4300,3.582480764558941e-08,0.00042179025556492237,0.001953125
4301,3.5680342223337484e-08,0.00040974374162953086,0.001953125
4302,3.553686733283246e-08,0.00039845384697615273,0.001953125
4303,3.5394340037119844e-08,0.0003878814206163373,0.001953125
4304,3.525272114390348e-08,0.0003779885779839188,0.001953125
4305,3.524784291691394e-08,0.0008256832909040678,0.00390625
4306,3.508347521729405e-08,0.0007908614880228722,0.001953125
4307,3.4922203961932386e-08,0.0007578262209491908,0.001953125
4308,3.476379230429588e-08,0.0007264980499858828,0.001953125
4309,3.460802489978404e-08,0.0006968011504947704,0.001953125
4310,3.4454705937878477e-08,0.0006686631117045128,0.001953125
4311,3.4303657354451836e-08,0.0006420147427623332,0.001953125
4312,3.415471720774195e-08,0.0006167898859322608,0.001953125
4313,3.4007738203007214e-08,0.0005929252369361535,0.001953125
4314,3.386258635225113e-08,0.0005703601725293674,0.001953125
4315,3.3719139756649873e-08,0.0005490365854974805,0.001953125
4316,3.357728750044941e-08,0.0005288987273501222,0.001953125
4317,3.343692864612652e-08,0.0005098930590681047,0.001953125
4318,3.3297971321542844e-08,0.0004919681103255537,0.001953125
4319,3.316033189066996e-08,0.0004750743476541043,0.001953125
4320,3.302393420023397e-08,0.00045916405203605734,0.001953125
4321,3.2888708895329314e-08,0.00044419120640278893,0.001953125
4322,3.275459279768731e-08,0.00043011139346982086,0.001953125
4323,3.262152834086324e-08,0.00041688170425855395,0.001953125
4324,3.248946305713096e-08,0.00040446065753659173,0.001953125
4325,3.23583491113512e-08,0.00039280813025618916,0.001953125
4326,3.22281428775127e-08,0.0003818852988886812,0.001953125
4327,3.209880455403969e-08,0.00037165459134948063,0.001953125
4328,3.197029781431641e-08,0.0003620796489933669,0.001953125
4329,3.184258948920448e-08,0.0003531252979450356,0.001953125
4330,3.18219281626981e-08,0.0007609016312506955,0.00390625
4331,3.167513822260523e-08,0.0007290391466558576,0.001953125
4332,3.153099084517791e-08,0.00069882012850431,0.001953125
4333,3.13892862290671e-08,0.0006701715613498772,0.001953125
4334,3.124984270086422e-08,0.0006430237264622087,0.001953125
4335,3.1112495056080215e-08,0.0006173100155067906,0.001953125
4336,3.097709305201016e-08,0.0005929667510421846,0.001953125
4337,3.0843500038577514e-08,0.0005699330138083591,0.001953125
4338,3.0711591714526093e-08,0.0005481504768707357,0.001953125
4339,3.058125499748346e-08,0.0005275632467751306,0.001953125
4340,3.04523869974706e-08,0.0005081177119556468,0.001953125
4341,3.032489408438724e-08,0.0004897623987165623,0.001953125
4342,3.019869104086895e-08,0.00047244783517558296,0.001953125
4343,3.0073700292700016e-08,0.0004561264236042965,0.001953125
4344,2.994985120968173e-08,0.0004407523216270943,0.001953125
4345,2.982707947050572e-08,0.00042628133273737767,0.001953125
4346,2.9705326485772348e-08,0.0004126708065555823,0.001953125
4347,2.958453887383108e-08,0.00039987954918487196,0.001953125
4348,2.9464667984606612e-08,0.0003878677439165938,0.001953125
4349,2.934566946701769e-08,0.0003765968824003637,0.001953125
4350,2.9227502875997545e-08,0.00036602970622711333,0.001953125
4351,2.911013131549029e-08,0.00035613015868428253,0.001953125
4352,2.899352111412967e-08,0.0003468633462395967,0.001953125
4353,2.8877641530607915e-08,0.0003381955091043268,0.001953125
4354,2.886371539278293e-08,0.000732095644482247,0.00390625
4355,2.8730096828054212e-08,0.0007013650458239757,0.001953125
4356,2.859892045655345e-08,0.0006722166611737802,0.001953125
4357,2.8470000897377353e-08,0.0006445801780492782,0.001953125
4358,2.834316959264469e-08,0.0006183884673110668,0.001953125
4359,2.8218273267884532e-08,0.0005935774041792907,0.001953125
4360,2.8095172533377808e-08,0.0005700856957585693,0.001953125
4361,2.7973740613547703e-08,0.00054785471502506,0.001953125
4362,2.7853862192675503e-08,0.0005268283413154483,0.001953125
4363,2.7735432366292104e-08,0.000506952807444171,0.001953125
4364,2.7618355688570272e-08,0.00048817655365910006,0.001953125
4365,2.7502545306928485e-08,0.0004704500887233918,0.001953125
4366,2.738792217586197e-08,0.00045372585847779795,0.001953125
4367,2.7274414342747445e-08,0.0004379581222886,0.001953125
4368,2.716195629903215e-08,0.000423102837816473,0.001953125
4369,2.7050488390821178e-08,0.0004091175545462938,0.001953125
4370,2.6939956283424905e-08,0.00039596131649315163,0.001953125
4371,2.68303104749264e-08,0.0003835945744427829,0.001953125
4372,2.6721505854280923e-08,0.00037197910799419603,0.001953125
4373,2.6613501299870448e-08,0.0003610779575493413,0.001953125
4374,2.650625931480947e-08,0.00035085536624264495,0.001953125
4375,2.6399745695637424e-08,0.00034127673162785336,0.001953125
4376,2.62939292313411e-08,0.0003323085667489887,0.001953125
4377,2.6188781429930204e-08,0.00032391847002620684,0.001953125
4378,2.6180616943603132e-08,0.0007043980583940898,0.00390625
4379,2.6058979024098807e-08,0.0006747598363025795,0.001953125
4380,2.5939598297219524e-08,0.000646644864417554,0.001953125
4381,2.5822302760895816e-08,0.0006199854311632904,0.001953125
4382,2.5706936025098204e-08,0.0005947168986026956,0.001953125
4383,2.5593355883039948e-08,0.0005707775305082165,0.001953125
4384,2.5481433013188e-08,0.0005481083266511443,0.001953125
4385,2.5371049800106394e-08,0.0005266528632451811,0.001953125
4386,2.5262099263252566e-08,0.0005063571395614928,0.001953125
4387,2.515448408384328e-08,0.0004871694308149601,0.001953125
4388,2.504811572081163e-08,0.00046904014750214764,0.001953125
4389,2.4942913607698543e-08,0.00045192170144717084,0.001953125
4390,2.4838804423069073e-08,0.0004357683788780402,0.001953125
4391,2.473572142772208e-08,0.000420536220908673,0.001953125
4392,2.4633603862578126e-08,0.00040618291183582624,0.001953125
4393,2.453239640169049e-08,0.00039266767567115084,0.001953125
4394,2.4432048655332436e-08,0.0003799511813123199,0.001953125
4395,2.4332514718576312e-08,0.00036799545671076765,0.001953125
4396,2.4233752761199427e-08,0.0003567638123154357,0.001953125
4397,2.413572465513328e-08,0.0003462207739624609,0.001953125
4398,2.4038395636018836e-08,0.00033633202524254504,0.001953125
4399,2.3941733995745405e-08,0.00032706435921573844,0.001953125
4400,2.384571080313652e-08,0.00031838563916472464,0.001953125
4401,2.375029965020581e-08,0.0003102647678914426,0.001953125
4402,2.3747038869523693e-08,0.0006777652496678018,0.00390625
4403,2.363629917322212e-08,0.0006491812368750118,0.001953125
4404,2.3527645843386173e-08,0.0006220637137787097,0.001953125
4405,2.342091929048287e-08,0.0005963474716505645,0.001953125
4406,2.331597441321101e-08,0.0005719702692581534,0.001953125
4407,2.321267927254243e-08,0.0005488726677173965,0.001953125
4408,2.3110913887156643e-08,0.0005269978712909193,0.001953125
4409,2.301056913915479e-08,0.0005062915740523327,0.001953125
4410,2.2911545779956664e-08,0.00048670181241324543,0.001953125
4411,2.2813753527208698e-08,0.0004681788235882918,0.001953125
4412,2.271711024437069e-08,0.00045067491015106164,0.001953125
4413,2.262154119541175e-08,0.0004341443109074047,0.001953125
4414,2.2526978367739076e-08,0.0004185430783783844,0.001953125
4415,2.2433359857112595e-08,0.0004038289632389373,0.001953125
4416,2.2340629308870583e-08,0.00038996130609556245,0.001953125
4417,2.2248735410310768e-08,0.0003769009370026798,0.001953125
4418,2.215763142954356e-08,0.00036461008310862965,0.001953125
4419,2.2067274796562737e-08,0.0003530522847854931,0.001953125
4420,2.197762672266844e-08,0.00034219232053014133,0.001953125
4421,2.188865185473132e-08,0.00033199614082705063,0.001953125
4422,2.1800317961107935e-08,0.00032243081103837677,0.001953125
4423,2.1712595646309687e-08,0.00031346446323769425,0.001953125
4424,2.162545809179287e-08,0.00030506625673698545,0.001953125
4425,2.1538880820478345e-08,0.0002972063468801095,0.001953125
4426,2.1452841482828317e-08,0.0002898558614997042,0.001953125
4427,2.1438943343907843e-08,0.000624588690950521,0.00390625
4428,2.1340046470658882e-08,0.0005984338688654877,0.001953125
4429,2.1242930138518823e-08,0.0005736280969496848,0.001953125
4430,2.1147459719377348e-08,0.0005501114399058706,0.001953125
4431,2.1053512799923937e-08,0.0005278266686178632,0.001953125
4432,2.0960978063781827e-08,0.000506719107210596,0.001953125
4433,2.086975427598398e-08,0.00048673648570583686,0.001953125
4434,2.0779749360421364e-08,0.00046782879825200556,0.001953125
4435,2.0690879561751696e-08,0.00044994816698101727,0.001953125
4436,2.060306868403608e-08,0.00043304871161941076,0.001953125
4437,2.051624739907886e-08,0.00041708642505233333,0.001953125
4438,2.0430352618089188e-08,0.00040201905510380687,0.001953125
4439,2.03453269208671e-08,0.00038780599285114816,0.001953125
4440,2.0261118037247446e-08,0.0003744081678312347,0.001953125
4441,2.0177678376017474e-08,0.0003617879505172049,0.001953125
4442,2.0094964596961654e-08,0.00034990906244221267,0.001953125
4443,2.001293722208532e-08,0.00033873649431875717,0.001953125
4444,1.9931560282430283e-08,0.0003282364324457802,0.001953125
4445,1.9850800997223773e-08,0.00031837619361059933,0.001953125
4446,1.9770629482400606e-08,0.0003091241685801554,0.001953125
4447,1.969101848580937e-08,0.00030044977413938974,0.001953125
4448,1.961194314665954e-08,0.0002923234134793402,0.001953125
4449,1.9533380776990366e-08,0.0002847164445711413,0.001953125
4450,1.9455310663145248e-08,0.00027760115599340264,0.001953125
4451,1.9445948559310696e-08,0.0006009432936161218,0.00390625
4452,1.9355925603850196e-08,0.000575717601623253,0.001953125
4453,1.926754818270813e-08,0.0005517906803671161,0.001953125
4454,1.9180691384408253e-08,0.0005291048132886711,0.001953125
4455,1.909524163300621e-08,0.0005076048969441515,0.001953125
4456,1.9011095650682628e-08,0.00048723829408733876,0.001953125
4457,1.8928159515312095e-08,0.00046795469209400214,0.001953125
4458,1.8846347804312748e-08,0.00044970596669046103,0.001953125
4459,1.8765582816877307e-08,0.0004324460510188157,0.001953125
4460,1.868579386740941e-08,0.0004161308101424139,0.001953125
4461,1.8606916643646293e-08,0.00040071792116400394,0.001953125
4462,1.8528892623545635e-08,0.0003861667591926292,0.001953125
4463,1.8451668545556443e-08,0.00037243828944999647,0.001953125
4464,1.8375195927386668e-08,0.00035949496584882076,0.001953125
4465,1.8299430628827415e-08,0.00034730063640042415,0.001953125
4466,1.8224332454600374e-08,0.0003358204558127626,0.001953125
4467,1.8149864793564128e-08,0.0003250208056197772,0.001953125
4468,1.80759942909507e-08,0.00031486922213618896,0.001953125
4469,1.8002690550608218e-08,0.00030533433245765677,0.001953125
4470,1.79299258645027e-08,0.00029638579862536747,0.001953125
4471,1.785767496698316e-08,0.00028799426994937353,0.001953125
4472,1.7785914811543038e-08,0.0002801313433410716,0.001953125
4473,1.7714624368018262e-08,0.000272769531348745,0.001953125
4474,1.7643784438350952e-08,0.0002658822374292128,0.001953125
4475,1.7638302595652934e-08,0.0005782077218953852,0.00390625
4476,1.7556351333467562e-08,0.0005538787277805226,0.001953125
4477,1.7475920954095574e-08,0.0005308001036096253,0.001953125
4478,1.73968955608471e-08,0.0005089162677886355,0.001953125
4479,1.7319169776591535e-08,0.00048817416178444876,0.001953125
4480,1.7242647781018638e-08,0.00046852310899774246,0.001953125
4481,1.716724243603958e-08,0.00044991467873998825,0.001953125
4482,1.709287449125861e-08,0.0004323025552619068,0.001953125
4483,1.7019471862184547e-08,0.00041564241184740034,0.001953125
4484,1.6946968974522592e-08,0.00039989179005470057,0.001953125
4485,1.6875306168496703e-08,0.0003850099842528047,0.001953125
4486,1.6804429157706488e-08,0.0003709579316633798,0.001953125
4487,1.673428853752587e-08,0.00035769810817283336,0.001953125
4488,1.6664839338507885e-08,0.00034519443022244914,0.001953125
4489,1.659604062067511e-08,0.00033341216311247535,0.001953125
4490,1.652785510495258e-08,0.00032231783606506535,0.001953125
4491,1.646024883834273e-08,0.0003118791643776771,0.001953125
4492,1.639319088975309e-08,0.00030206497896047253,0.001953125
4493,1.6326653073670535e-08,0.000292845163487166,0.001953125
4494,1.626060969913254e-08,0.0002841905992989605,0.001953125
4495,1.6195037341679527e-08,0.00027607311808781405,0.001953125
4496,1.612991463618426e-08,0.00026846546225233023,0.001953125
4497,1.6065222088646987e-08,0.00026134125267294935,0.001953125
4498,1.6000941905219965e-08,0.0002546749635002459,0.001953125
4499,1.5998762417164335e-08,0.0005563461680680286,0.00390625
4500,1.5924153593366366e-08,0.0005328825413236719,0.001953125
4501,1.585095055140604e-08,0.0005106226923164694,0.001953125
4502,1.5779045758279806e-08,0.0004895130939257108,0.001953125
4503,1.5708341443309394e-08,0.0004695026549610559,0.001953125
4504,1.5638748704696652e-08,0.00045054258460196814,0.001953125
4505,1.557018669787444e-08,0.00043258626171770864,0.001953125
4506,1.5502581898165013e-08,0.0004155891090021233,0.001953125
4507,1.5435867430942753e-08,0.0003995084719205107,0.001953125
4508,1.5369982463121123e-08,0.0003843035025302637,0.001953125
4509,1.530487165034939e-08,0.00036993504830067574,0.001953125
4510,1.5240484634818803e-08,0.00035636554611771494,0.001953125
4511,1.5176775589044706e-08,0.00034355892171358604,0.001953125
4512,1.5113702801415478e-08,0.00033148049480506437,0.001953125
4513,1.505122829968433e-08,0.0003200968902552017,0.001953125
4514,1.4989317508930295e-08,0.00030937595558641823,0.001953125
4515,1.4927938940832562e-08,0.0002992866851659215,0.001953125
4516,1.4867063911391429e-08,0.0002897991513542263,0.001953125
4517,1.4806666284491453e-08,0.00028088444285278365,0.001953125
4518,1.4746722238940917e-08,0.0002725146104072519,0.001953125
4519,1.4687210056838257e-08,0.0002646626199203409,0.001953125
4520,1.4628109931312946e-08,0.0002573023129058172,0.001953125
4521,1.4569403791867054e-08,0.00025040837407834656,0.001953125
4522,1.4511075145706067e-08,0.00024395630572910762,0.001953125
4523,1.4453108933595155e-08,0.00023792240839241345,0.001953125
4524,1.4443760171480592e-08,0.0005126957518617688,0.00390625
4525,1.4377130320537643e-08,0.0004912261544534525,0.001953125
4526,1.4311700186343575e-08,0.0004708639336927536,0.001953125
4527,1.4247379055155929e-08,0.0004515598912243859,0.001953125
4528,1.4184084443694767e-08,0.00043326705012077297,0.001953125
4529,1.4121741345912547e-08,0.0004159405293419665,0.001953125
4530,1.406028154872314e-08,0.0003995374227885528,0.001953125
4531,1.3999643010376633e-08,0.00038401668292975646,0.001953125
4532,1.3939769295744432e-08,0.00036933900905008647,0.001953125
4533,1.3880609063304483e-08,0.0003554667402188882,0.001953125
4534,1.3822115599093236e-08,0.0003423637531457026,0.001953125
4535,1.3764246393324523e-08,0.0003299953651375717,0.001953125
4536,1.3706962755768966e-08,0.00031832824241914497,0.001953125
4537,1.3650229466345398e-08,0.000307330314109135,0.001953125
4538,1.359401445770044e-08,0.00029697069216385886,0.001953125
4539,1.3538288526847743e-08,0.0002872195975970109,0.001953125
4540,1.348302507320632e-08,0.00027804829326178625,0.001953125
4541,1.3428199860621093e-08,0.00026942902343527554,0.001953125
4542,1.3373790801170043e-08,0.0002613349603752173,0.001953125
4543,1.3319777758763326e-08,0.0002537401579268147,0.001953125
4544,1.3266142370722335e-08,0.0002466195121451768,0.001953125
4545,1.3212867885692624e-08,0.00023994872877155428,0.001953125
4546,1.3159939016395286e-08,0.00023370429726496462,0.001953125
4547,1.3107341805858263e-08,0.00022786347095232027,0.001953125
4548,1.3101047986446296e-08,0.0004932864247494972,0.00390625
4549,1.3040396738299967e-08,0.0004725795214374556,0.001953125
4550,1.2980854240763512e-08,0.00045293872259619583,0.001953125
4551,1.2922336327255358e-08,0.0004343166511302095,0.001953125
4552,1.2864766469196351e-08,0.00041666807497562334,0.001953125
4553,1.2808075076993861e-08,0.00039994978650346005,0.001953125
4554,1.2752198865021673e-08,0.0003841204863078364,0.001953125
4555,1.2697080274736674e-08,0.00036914067134778325,0.001953125
4556,1.2642666950609766e-08,0.0003549725274693138,0.001953125
4557,1.258891126403572e-08,0.00034157982639265624,0.001953125
4558,1.2535769880829371e-08,0.00032892782730611626,0.001953125
4559,1.2483203368317696e-08,0.0003169831832602462,0.001953125
4560,1.2431175838402689e-08,0.00030571385260089255,0.001953125
4561,1.2379654623301808e-08,0.00029508901571399695,0.001953125
4562,1.2328609980974269e-08,0.00028507899737538435,0.001953125
4563,1.227801482751536e-08,0.0002756551950019997,0.001953125
4564,1.2227844494049814e-08,0.00026679001308444253,0.001953125
4565,1.2178076505881264e-08,0.0002584568040422889,0.001953125
4566,1.2128690381860183e-08,0.00025062981568282054,0.001953125
4567,1.2079667452119262e-08,0.00024328414536103625,0.001953125
4568,1.2030990692494634e-08,0.0002363957008364517,0.001953125
4569,1.1982644574105317e-08,0.00022994116770407976,0.001953125
4570,1.1934614926703113e-08,0.00022389798314856774,0.001953125
4571,1.1886888814532202e-08,0.0002182443156384137,0.001953125
4572,1.1883208208852475e-08,0.0004746239238423204,0.00390625
4573,1.1827995084827779e-08,0.00045465309186622216,0.001953125
4574,1.1773806722507233e-08,0.00043570863427767236,0.001953125
4575,1.1720565029558712e-08,0.0004177449264760028,0.001953125
4576,1.1668199001841433e-08,0.00040071841496821533,0.001953125
4577,1.1616644074702183e-08,0.00038458750152541845,0.001953125
4578,1.1565841533661197e-08,0.00036931243152888,0.001953125
4579,1.1515737979050428e-08,0.000354855186462325,0.001953125
4580,1.1466284839664728e-08,0.00034117938056191254,0.001953125
4581,1.1417437930938659e-08,0.0003282501616908971,0.001953125
4582,1.13691570535725e-08,0.00031603411656043034,0.001953125
4583,1.1321405628904253e-08,0.000304499180468945,0.001953125
4584,1.1274150367663375e-08,0.0002936145517773219,0.001953125
4585,1.1227360969050168e-08,0.0002833506113725174,0.001953125
4586,1.1181009847364305e-08,0.00027367884739532423,0.001953125
4587,1.1135071883660397e-08,0.0002645717855153592,0.001953125
4588,1.1089524200139263e-08,0.0002560029250254943,0.001953125
4589,1.1044345955193402e-08,0.0002479466809967326,0.001953125
4590,1.0999518157215715e-08,0.0002403783326819581,0.001953125
4591,1.0955023495453667e-08,0.00023327397828330402,0.001953125
4592,1.0910846186348325e-08,0.00022661049610483538,0.001953125
4593,1.0866971833940595e-08,0.00022036551200314058,0.001953125
4594,1.0823387303056766e-08,0.00021451737292809298,0.001953125
4595,1.0780080604103405e-08,0.00020904512622057456,0.001953125
4596,1.0778623938186255e-08,0.0004566788567639518,0.00390625
4597,1.0728357620905576e-08,0.00043741837773408074,0.001953125
4598,1.0679038511428483e-08,0.0004191460275978496,0.001953125
4599,1.0630594152955027e-08,0.0004018178681781293,0.001953125
4600,1.0582958666644294e-08,0.00038539196088158937,0.001953125
4601,1.0536072149601458e-08,0.00036982825542447313,0.001953125
4602,1.0489880127979946e-08,0.00035508848256445545,0.001953125
4603,1.0444333060152734e-08,0.0003411360507845228,0.001953125
4604,1.0399385885368831e-08,0.0003279359469265665,0.001953125
4605,1.035499761373067e-08,0.00031545464082524736,0.001953125
4606,1.0311130953709344e-08,0.0003036599940449739,0.001953125
4607,1.026775197376101e-08,0.00029252117287242586,0.001953125
4608,1.0224829794922407e-08,0.0002820085657614067,0.001953125
4609,1.0182336311549282e-08,0.0002720937054630701,0.001953125
4610,1.0140245937621146e-08,0.00026274919609971513,0.001953125
4611,1.00985353762717e-08,0.0002539486454513794,0.001953125
4612,1.0057183410418577e-08,0.00024566660271868124,0.001953125
4613,1.0016170712560683e-08,0.0002378785020006316,0.001953125
4614,9.975479671988307e-09,0.00023056061168121486,0.001953125
4615,9.935094237811815e-09,0.00022368998985333738,0.001953125
4616,9.894999776360684e-09,0.0002172444458245525,0.001953125
4617,9.855182941637253e-09,0.00021120250764857415,0.001953125
4618,9.815631557629994e-09,0.0002055433955142295,0.001953125
4619,9.776334511400516e-09,0.00020024700070470032,0.001953125
4620,9.737281655957984e-09,0.00019529386972113179,0.001953125
4621,9.7309931059701e-09,0.0004208480530198839,0.00390625
4622,9.686102534827056e-09,0.00040322439606927003,0.001953125
4623,9.642020324853597e-09,0.0003865097364771607,0.001953125
4624,9.598685352239403e-09,0.00037066368939058555,0.001953125
4625,9.556042038947668e-09,0.0003556476934639222,0.001953125
4626,9.51403984518057e-09,0.00034142490780987063,0.001953125
4627,9.472632808310178e-09,0.0003279601127204102,0.001953125
4628,9.431779124020692e-09,0.0003152196141430568,0.001953125
4629,9.39144076579753e-09,0.000303171151947924,0.001953125
4630,9.351583139252457e-09,0.00029178381207117094,0.001953125
4631,9.312174768095449e-09,0.00028102794266847566,0.001953125
4632,9.273187008855913e-09,0.00027087507445587903,0.001953125
4633,9.234593791721261e-09,0.00026129784545205793,0.001953125
4634,9.196371385101638e-09,0.0002522699303629397,0.001953125
4635,9.158498181748647e-09,0.00024376597486370016,0.001953125
4636,9.120954504454786e-09,0.00023576153503190669,0.001953125
4637,9.08372242954086e-09,0.00022823302216669553,0.001953125
4638,9.046785626502891e-09,0.00022115765319098384,0.001953125
4639,9.010129212339059e-09,0.00021451340677642648,0.001953125
4640,8.973739619212666e-09,0.0002082789852550272,0.001953125
4641,8.937604474230215e-09,0.00020243378228929068,0.001953125
4642,8.901712490225396e-09,0.0001969578561682516,0.001953125
4643,8.866053366541387e-09,0.00019183190848462653,0.001953125
4644,8.830617698896083e-09,0.0001870372678346644,0.001953125
4645,8.826386600959134e-09,0.00040491590453878984,0.00390625
4646,8.785523979322034e-09,0.0003879183195303695,0.001953125
4647,8.74540842683646e-09,0.000371795853363964,0.001953125
4648,8.705983231231666e-09,0.00035650961617469696,0.001953125
4649,8.667196826804484e-09,0.0003420224788928395,0.001953125
4650,8.62900232341493e-09,0.0003282989742525328,0.001953125
4651,8.591357078602845e-09,0.0003153052013997372,0.001953125
4652,8.55422230887776e-09,0.00030300873407363544,0.001953125
4653,8.517562736595508e-09,0.0002913785323832675,0.001953125
4654,8.481346269163585e-09,0.0002803848582490265,0.001953125
4655,8.445543707615467e-09,0.000269999194625059,0.001953125
4656,8.41012848186503e-09,0.0002601941686614784,0.001953125
4657,8.375076410198505e-09,0.00025094347900215977,0.001953125
4658,8.340365480784902e-09,0.00024222182744205735,0.001953125
4659,8.305975653189105e-09,0.00023400485518471363,0.001953125
4660,8.271888678056287e-09,0.00022626908394330516,0.001953125
4661,8.238087933304059e-09,0.0002189918621149577,0.001953125
4662,8.204558275311026e-09,0.00021215131622660902,0.001953125
4663,8.171285903728723e-09,0.00020572630780076194,0.001953125
4664,8.138258238669793e-09,0.00019969639572158174,0.001953125
4665,8.10546380913921e-09,0.0001940418040977885,0.001953125
4666,8.072892151679326e-09,0.00018874339552186586,0.001953125
4667,8.040533718293527e-09,0.00018378264951971114,0.001953125
4668,8.008379792799146e-09,0.00017914164587646373,0.001953125
4669,8.005908598482383e-09,0.00038959678495459934,0.00390625
4670,7.968709792351321e-09,0.00037320341795789313,0.001953125
4671,7.932201464507295e-09,0.0003576525571242483,0.001953125
4672,7.89633099556704e-09,0.0003429067511314356,0.001953125
4673,7.8610505422463e-09,0.0003289302487695271,0.001953125
4674,7.826316600256297e-09,0.0003156889038512606,0.001953125
4675,7.79208960721754e-09,0.0003031500835613265,0.001953125
4676,7.758333581927364e-09,0.0002912825802089087,0.001953125
4677,7.725015796652883e-09,0.0002800565263927967,0.001953125
4678,7.692106479425794e-09,0.00026944331363399395,0.001953125
4679,7.659578543592286e-09,0.0002594155145754498,0.001953125
4680,7.627407342122777e-09,0.00024994680889039083,0.001953125
4681,7.595570444414655e-09,0.00024101191307748145,0.001953125
4682,7.564047433528715e-09,0.00023258651435017043,0.001953125
4683,7.532819721988566e-09,0.0002246472088464789,0.001953125
4684,7.50187038444346e-09,0.0002171714443915919,0.001953125
4685,7.471184005650744e-09,0.00021013746803671607,0.001953125
4686,7.440746542375272e-09,0.00020352427857206915,0.001953125
4687,7.4105451979317556e-09,0.00019731158416874464,0.001953125
4688,7.380568308212472e-09,0.00019147976524373862,0.001953125
4689,7.350805238148865e-09,0.00018600984256607575,0.001953125
4690,7.321246287651775e-09,0.00018088345053243754,0.001953125
4691,7.291882606162498e-09,0.00017608281544193862,0.001953125
4692,7.262706115026357e-09,0.00017159073849671148,0.001953125
4693,7.261732611943457e-09,0.00037486656785420437,0.00390625
4694,7.227866608408686e-09,0.0003590563073197784,0.001953125
4695,7.194638828107787e-09,0.0003440571589040879,0.001953125
4696,7.162000448933231e-09,0.0003298330555931343,0.001953125
4697,7.129907081076524e-09,0.0003163495717726075,0.001953125
4698,7.098318361385449e-09,0.0003035738318889862,0.001953125
4699,7.067197584858433e-09,0.0002914744223989269,0.001953125
4700,7.036511369876054e-09,0.0002800213069625051,0.001953125
4701,7.006229354080941e-09,0.00026918574487834875,0.001953125
4702,6.976323918100147e-09,0.0002589402128020924,0.001953125
4703,6.94676993456092e-09,0.00024925832983250227,0.001953125
4704,6.917544540084217e-09,0.0002401147860903275,0.001953125
4705,6.888626928152275e-09,0.0002314852749513455,0.001953125
4706,6.859998160939163e-09,0.00022334642912484623,0.001953125
4707,6.831640998368208e-09,0.00021567576078945641,0.001953125
4708,6.803539742819137e-09,0.0002084516060072846,0.001953125
4709,6.775680098052148e-09,0.00020165307363264538,0.001953125
4710,6.748049041047322e-09,0.00019525999891134804,0.001953125
4711,6.720634705576943e-09,0.00018925290192969062,0.001953125
4712,6.693426276436556e-09,0.00018361295101880672,0.001953125
4713,6.6664138933589055e-09,0.00017832193115093357,0.001953125
4714,6.639588563724284e-09,0.00017336221728178164,0.001953125
4715,6.6129420832619564e-09,0.0001687167525009719,0.001953125
4716,6.586466964011042e-09,0.00016436903075499917,0.001953125
4717,6.56015636887625e-09,0.00016030308380968937,0.001953125
4718,6.555926315659387e-09,0.00034545455737515935,0.00390625
4719,6.525682162682214e-09,0.0003309879012035226,0.001953125
4720,6.495982678091429e-09,0.0003172674014546851,0.001953125
4721,6.466786676063478e-09,0.00030425990790762183,0.001953125
4722,6.438056707576204e-09,0.0002919337672070484,0.001953125
4723,6.409758718426656e-09,0.00028025873827608065,0.001953125
4724,6.3818617385577804e-09,0.00026920591082334275,0.001953125
4725,6.354337599827589e-09,0.0002587476269324092,0.001953125
4726,6.327160679616818e-09,0.00024885740576265905,0.001953125
4727,6.300307667909503e-09,0.0002395098714317262,0.001953125
4728,6.273757355697452e-09,0.00023068068418917716,0.001953125
4729,6.24749044275636e-09,0.00022234647502693112,0.001953125
4730,6.221489363020047e-09,0.00021448478390207888,0.001953125
4731,6.195738125941657e-09,0.00020707400176981624,0.001953125
4732,6.170222172378173e-09,0.0002000933166358209,0.001953125
4733,6.144928243668603e-09,0.00019352266383637203,0.001953125
4734,6.119844262697915e-09,0.00018734268073904576,0.001953125
4735,6.094959225849406e-09,0.00018153466602574444,0.001953125
4736,6.07026310484863e-09,0.00017608054367281684,0.001953125
4737,6.045746757593297e-09,0.00017096283168083442,0.001953125
4738,6.021401847146441e-09,0.00016616461553107127,0.001953125
4739,5.997220768145515e-09,0.0001616695262599371,0.001953125
4740,5.973196579948431e-09,0.00015746172295061145,0.001953125
4741,5.949322945899798e-09,0.00015352587934782785,0.001953125
4742,5.9464785516064454e-09,0.00033237665133254975,0.00390625
4743,5.918948139311183e-09,0.00031842391820972535,0.001953125
4744,5.891921097491033e-09,0.0003051895321240943,0.001953125
4745,5.865359212859965e-09,0.00029264157002136285,0.001953125
4746,5.839227739944133e-09,0.00028074955423363176,0.001953125
4747,5.813495083714079e-09,0.0002694843712228612,0.001953125
4748,5.7881325112723255e-09,0.0002588181932786408,0.001953125
4749,5.763113889936333e-09,0.0002487244031490498,0.001953125
4750,5.738415449300167e-09,0.00023917752162242332,0.001953125
4751,5.714015565079653e-09,0.00023015313811711475,0.001953125
4752,5.689894562746606e-09,0.00022162784437444762,0.001953125
4753,5.666034539140442e-09,0.0002135791713852367,0.001953125
4754,5.642419200411269e-09,0.0002059855297105245,0.001953125
4755,5.619033714799277e-09,0.00019882615338031334,0.001953125
4756,5.595864578892129e-09,0.00019208104756782306,0.001953125
4757,5.572899496126396e-09,0.00018573094023901666,0.001953125
4758,5.550127266412071e-09,0.00017975723796598717,0.001953125
4759,5.5275376858618106e-09,0.0001741419860670038,0.001953125
4760,5.505121455699796e-09,0.00016886783319505094,0.001953125
4761,5.482870099509785e-09,0.00016391800044099377,0.001953125
4762,5.460775888058899e-09,0.00015927625494857126,0.001953125
4763,5.438831771003548e-09,0.00015492688795887337,0.001953125
4764,5.417031314847422e-09,0.00015085469711545617,0.001953125
4765,5.3953686465791794e-09,0.0001470449727722842,0.001953125
4766,5.393709482710411e-09,0.0003198019472814241,0.00390625
4767,5.368647484902627e-09,0.0003063451978853786,0.001953125
4768,5.344050727224485e-09,0.00029358002521187517,0.001953125
4769,5.319883754216767e-09,0.0002814756870403138,0.001953125
4770,5.296114328606773e-09,0.0002700028367230375,0.001953125
4771,5.272713136783266e-09,0.0002591334451314598,0.001953125
4772,5.2496535212355505e-09,0.00024884072542492825,0.001953125
4773,5.226911237488078e-09,0.00023909906061299492,0.001953125
4774,5.204464233287924e-09,0.00022988393391867987,0.001953125
4775,5.182292448007838e-09,0.00022117186198775636,0.001953125
4776,5.1603776304140745e-09,0.0002129403310257736,0.001953125
4777,5.138703173117667e-09,0.00020516773597889314,0.001953125
4778,5.11725396218171e-09,0.0001978333229047845,0.001953125
4779,5.096016240497119e-09,0.00019091713470375087,0.001953125
4780,5.074977483666281e-09,0.0001843999603957754,0.001953125
4781,5.054126287249486e-09,0.00017826328813421496,0.001953125
4782,5.033452264333866e-09,0.00017248926213957842,0.001953125
4783,5.012945952479751e-09,0.00016706064371584283,0.001953125
4784,4.992598729185954e-09,0.0001619607764763842,0.001953125
4785,4.972402735094016e-09,0.0001571735558570019,0.001953125
4786,4.952350804222938e-09,0.00015268340293086402,0.001953125
4787,4.932436400590685e-09,0.0001484752424667267,0.001953125
4788,4.912653560637786e-09,0.00014453448509072964,0.001953125
4789,4.892996840921808e-09,0.0001408470133275411,0.001953125
4790,4.892346282929262e-09,0.0003077106413163938,0.00390625
4791,4.869529687852567e-09,0.0002947325457318756,0.001953125
4792,4.847143123965708e-09,0.0002824202568792663,0.001953125
4793,4.825153694450349e-09,0.0002707441688535117,0.001953125
4794,4.8035314890185776e-09,0.0002596760231264114,0.001953125
4795,4.7822493105864646e-09,0.0002491888335715326,0.001953125
4796,4.761282426971028e-09,0.0002392568141882305,0.001953125
4797,4.7406083453196286e-09,0.00022985530948824945,0.001953125
4798,4.7202066071905925e-09,0.00022096072754324123,0.001953125
4799,4.700058602394383e-09,0.00021255047572715108,0.001953125
4800,4.680147399877743e-09,0.00020460289922265203,0.001953125
4801,4.660457594090481e-09,0.0001970972223942242,0.001953125
4802,4.640975165417419e-09,0.00019001349316036896,0.001953125
4803,4.621687353387803e-09,0.00018333253052189955,0.001953125
4804,4.602582541492369e-09,0.0001770358754202172,0.001953125
4805,4.58365015254535e-09,0.00017110574510695003,0.001953125
4806,4.564880553626002e-09,0.00016552499120247498,0.001953125
4807,4.546264969722632e-09,0.00016027706160422374,0.001953125
4808,4.5277954052823764e-09,0.00015534596637545165,0.001953125
4809,4.509464572942953e-09,0.0001507162477012632,0.001953125
4810,4.491265828788851e-09,0.00014637295394200552,0.001953125
4811,4.473193113534623e-09,0.00014230161774653202,0.001953125
4812,4.45524089909266e-09,0.00013848823811215896,0.001953125
4813,4.437404140032457e-09,0.00013491926619810696,0.001953125
4814,4.41967822948357e-09,0.00013158159461919503,0.001953125
4815,4.416832851142077e-09,0.000283567550150738,0.00390625
4816,4.396456438573766e-09,0.0002716923677690316,0.001953125
4817,4.3764470199484175e-09,0.0002604296727639219,0.001953125
4818,4.356776843853707e-09,0.00024975225351831317,0.001953125
4819,4.337420676773991e-09,0.0002396341271499654,0.001953125
4820,4.318355572659039e-09,0.00023005047007834664,0.001953125
4821,4.299560663589031e-09,0.00022097755113144782,0.001953125
4822,4.281016969604392e-09,0.0002123926671825641,0.001953125
4823,4.262707225945899e-09,0.00020427408134085737,0.001953125
4824,4.244615726111068e-09,0.0001966009637532566,0.001953125
4825,4.226728179278821e-09,0.0001893533351076326,0.001953125
4826,4.209031580786979e-09,0.00018251201295664413,0.001953125
4827,4.19151409446755e-09,0.0001760585610063999,0.001953125
4828,4.1741649457542e-09,0.00016997524153220033,0.001953125
4829,4.156974324575706e-09,0.0001642449710931684,0.001953125
4830,4.139933297139426e-09,0.0001588512797167518,0.001953125
4831,4.1230337257909116e-09,0.00015377827371140313,0.001953125
4832,4.106268196210252e-09,0.00014901060224025702,0.001953125
4833,4.089629951273469e-09,0.00014453342775006778,0.001953125
4834,4.0731128309687304e-09,0.00014033240029863873,0.001953125
4835,4.056711217813105e-09,0.00013639363576200745,0.001953125
4836,4.040419987266202e-09,0.00013270369783223706,0.001953125
4837,4.024234462683266e-09,0.00012924958364115524,0.001953125
4838,4.008150374392114e-09,0.0001260187127687998,0.001953125
4839,4.006238213638732e-09,0.00027283254933023867,0.00390625
4840,3.987690123049405e-09,0.00026137923044618563,0.001953125
4841,3.969481200308392e-09,0.0002505155714359855,0.001953125
4842,3.95158569692757e-09,0.00024021536800708087,0.001953125
4843,3.933980201067693e-09,0.00023045360234327707,0.001953125
4844,3.916643423692563e-09,0.0002212063764056888,0.001953125
4845,3.89955600430106e-09,0.00021245084765863004,0.001953125
4846,3.882700334444608e-09,0.0002041651672029832,0.001953125
4847,3.866060397401806e-09,0.00019632842033162257,0.001953125
4848,3.8496216225309505e-09,0.00018892056955370238,0.001953125
4849,3.83337075295669e-09,0.00018192240016589597,0.001953125
4850,3.817295725370019e-09,0.0001753154684775619,0.001953125
4851,3.80138556083259e-09,0.00016908205282165935,0.001953125
4852,3.785630265577897e-09,0.00016320510750223683,0.001953125
4853,3.770020740894063e-09,0.00015766821984061557,0.001953125
4854,3.754548701256817e-09,0.00015245557048422135,0.001953125
4855,3.739206599957301e-09,0.00014755189713288515,0.001953125
4856,3.7239875615385613e-09,0.0001429424618162792,0.001953125
4857,3.708885320417367e-09,0.00013861302182255038,0.001953125
4858,3.6938941651250563e-09,0.0001345498043325129,0.001953125
4859,3.6790088876529994e-09,0.0001307394847571965,0.001953125
4860,3.664224737435324e-09,0.0001271691687112693,0.001953125
4861,3.649537379544343e-09,0.00012382637748385716,0.001953125
4862,3.634942856713023e-09,0.00012069903679526207,0.001953125
4863,3.633828904991469e-09,0.00026251059958764606,0.00390625
4864,3.6169438539750964e-09,0.00025146441827940955,0.001953125
4865,3.600372278970135e-09,0.00024098592227041825,0.001953125
4866,3.5840902897385994e-09,0.00023104987656034895,0.001953125
4867,3.568076164490945e-09,0.00022163219173427977,0.001953125
4868,3.552310151431927e-09,0.00021270985989254175,0.001953125
4869,3.5367742884751925e-09,0.00020426089289753003,0.001953125
4870,3.5214522394632033e-09,0.00019626426291335458,0.001953125
4871,3.506329145381404e-09,0.00018869984524451096,0.001953125
4872,3.4913914891938377e-09,0.00018154836351048226,0.001953125
4873,3.4766269730531685e-09,0.00017479133722330106,0.001953125
4874,3.4620244067521626e-09,0.0001684110318633032,0.001953125
4875,3.4475736063874844e-09,0.00016239041157307949,0.001953125
4876,3.433265302300798e-09,0.0001567130946092736,0.001953125
4877,3.419091055447853e-09,0.0001513633117046296,0.001953125
4878,3.4050431814239254e-09,0.00014632586749683703,0.001953125
4879,3.3911146814446627e-09,0.00014158610517475695,0.001953125
4880,3.3772991796455498e-09,0.0001371298744754057,0.001953125
4881,3.3635908661215064e-09,0.0001329435031360548,0.001953125
4882,3.3499844451810912e-09,0.00012901377186511252,0.001953125
4883,3.3364750883379087e-09,0.00012532789284404428,0.001953125
4884,3.3230583916055083e-09,0.00012187349171229266,0.001953125
4885,3.3097303367017866e-09,0.00011863859292063842,0.001953125
4886,3.2964872558049612e-09,0.00011561160826906445,0.001953125
4887,3.2960525399733703e-09,0.0002525854451007679,0.00390625
4888,3.2806802798735835e-09,0.00024193217569717742,0.001953125
4889,3.2655977723483527e-09,0.00023182543814058532,0.001953125
4890,3.2507828511965067e-09,0.00022224093018032227,0.001953125
4891,3.2362153625729695e-09,0.00021315545558784976,0.001953125
4892,3.2218769808184715e-09,0.000204546862613829,0.001953125
4893,3.2077510411503054e-09,0.00019639398466068266,0.001953125
4894,3.19382238767044e-09,0.00018867658314062434,0.001953125
4895,3.180077235288643e-09,0.00018137529251774663,0.001953125
4896,3.1665030442866717e-09,0.00017447156756198882,0.001953125
4897,3.153088406366195e-09,0.00016794763287172434,0.001953125
4898,3.1398229411290894e-09,0.00016178643474913833,0.001953125
4899,3.1266972020349895e-09,0.00015597159553710905,0.001953125
4900,3.11370259096843e-09,0.0001504873705463833,0.001953125
4901,3.100831280627353e-09,0.00014531860771577448,0.001953125
4902,3.0880761440169062e-09,0.0001404507101542556,0.001953125
4903,3.075430690398024e-09,0.00013586960171066756,0.001953125
4904,3.0628890070998497e-09,0.00013156169570314013,0.001953125
4905,3.050445706659137e-09,0.00012751386691553333,0.001953125
4906,3.0380958787989403e-09,0.0001237134269322032,0.001953125
4907,3.0258350468035417e-09,0.00012014810283588627,0.001953125
4908,3.0136591278871253e-09,0.00011680601923801562,0.001953125
4909,3.001564397190567e-09,0.00011367568354867197,0.001953125
4910,2.9895474550741743e-09,0.00011074597432768671,0.001953125
4911,2.977605197404623e-09,0.00010800613249272727,0.001953125
4912,2.975691236471629e-09,0.00023276738975571193,0.00390625
4913,2.9619630228764443e-09,0.00022301945942786996,0.001953125
4914,2.9484820873649712e-09,0.0002137742933664922,0.001953125
4915,2.9352297307630822e-09,0.00020500955470373886,0.001953125
4916,2.9221889504823157e-09,0.00019670391520554305,0.001953125
4917,2.909344285252818e-09,0.00018883699827771712,0.001953125
4918,2.8966816740711764e-09,0.00018138932405689057,0.001953125
4919,2.8841883280617292e-09,0.00017434225657803447,0.001953125
4920,2.8718526140690884e-09,0.00016767795303807535,0.001953125
4921,2.8596639489078623e-09,0.00016137931520279972,0.001953125
4922,2.847612703293864e-09,0.00015542994303082948,0.001953125
4923,2.83569011457046e-09,0.00014981409061263405,0.001953125
4924,2.823888207424823e-09,0.00014451662454286656,0.001953125
4925,2.8121997218626104e-09,0.00013952298485919113,0.001953125
4926,2.800618047776521e-09,0.0001348191486886169,0.001953125
4927,2.789137165505062e-09,0.00013039159674168904,0.001953125
4928,2.7777515918330886e-09,0.00012622728278449886,0.001953125
4929,2.76645633093593e-09,0.0001223136061975707,0.001953125
4930,2.755246829814481e-09,0.00011863838769905404,0.001953125
4931,2.7441189378101134e-09,0.00011518984826777686,0.001953125
4932,2.733068869825889e-09,0.00011195659125086562,0.001953125
4933,2.722093172914745e-09,0.00010892758758285116,0.001953125
4934,2.7111886959264064e-09,0.00010609216398120539,0.001953125
4935,2.7003525619329903e-09,0.00010343999392039439,0.001953125
4936,2.6990671070035275e-09,0.00022395556295884468,0.00390625
4937,2.6865706843894475e-09,0.00021455392729640308,0.001953125
4938,2.674302790931446e-09,0.00020563631780642317,0.001953125
4939,2.662246077044867e-09,0.00019718122448729474,0.001953125
4940,2.65038476760402e-09,0.00018916811128192487,0.001953125
4941,2.638704517850565e-09,0.00018157736132812726,0.001953125
4942,2.6271922824936734e-09,0.00017439022419944434,0.001953125
4943,2.6158361967942086e-09,0.000167588765122029,0.001953125
4944,2.60462546853577e-09,0.00016115581617950705,0.001953125
4945,2.5935502798858698e-09,0.00015507492954420268,0.001953125
4946,2.5826016982417783e-09,0.0001493303327987819,0.001953125
4947,2.5717715952384702e-09,0.00014390688643608506,0.001953125
4948,2.5610525731714076e-09,0.0001387900436453205,0.001953125
4949,2.550437898155306e-09,0.0001339658125083953,0.001953125
4950,2.5399214394022006e-09,0.0001294207207394445,0.001953125
4951,2.5294976140585595e-09,0.0001251417831021355,0.001953125
4952,2.5191613370925127e-09,0.00012111647163184336,0.001953125
4953,2.508907975768831e-09,0.00011733268877244482,0.001953125
4954,2.4987333082916472e-09,0.000113778743509912,0.001953125
4955,2.4886334862333516e-09,0.0001104433305473909,0.001953125
4956,2.478605000403013e-09,0.00010731551252003357,0.001953125
4957,2.468644649839448e-09,0.00010438470519428163,0.001953125
4958,2.4587495136428568e-09,0.00010164066553803134,0.001953125
4959,2.4489169253851507e-09,9.907348248817356e-05,0.001953125
4960,2.4481690347505262e-09,0.00021548278727266491,0.00390625
4961,2.436793048215627e-09,0.00020641535815032423,0.001953125
4962,2.425628279939659e-09,0.00019781391723803864,0.001953125
4963,2.4146586324447202e-09,0.0001896577501817499,0.001953125
4964,2.4038694693766253e-09,0.00018192708300526677,0.001953125
4965,2.3932474817843776e-09,0.00017460302951859003,0.001953125
4966,2.3827805666419265e-09,0.00016766754062804505,0.001953125
4967,2.3724577164914035e-09,0.0001611033555283866,0.001953125
4968,2.3622689191896274e-09,0.00015489395478191005,0.001953125
4969,2.3522050668329002e-09,0.0001490235153148276,0.001953125
4970,2.3422578730197994e-09,0.00014347686738588823,0.001953125
4971,2.3324197976885985e-09,0.00013823945360537553,0.001953125
4972,2.322683978835839e-09,0.00013329729010295438,0.001953125
4973,2.313044170486063e-09,0.00012863692995897003,0.001953125
4974,2.3034946863404093e-09,0.00012424542902428017,0.001953125
4975,2.294030348584135e-09,0.000120110314257116,0.001953125
4976,2.2846464413807777e-09,0.00011621955470058525,0.001953125
4977,2.275338668623858e-09,0.00011256153521032141,0.001953125
4978,2.266103115556351e-09,0.00010912503301798098,0.001953125
4979,2.2569362139038203e-09,0.00010589919718290402,0.001953125
4980,2.247834710199517e-09,0.00010287353094206858,0.001953125
4981,2.2387956370092307e-09,0.00010003787691899043,0.001953125
4982,2.2298162867903976e-09,9.738240509762389e-05,0.001953125
4983,2.2208941881443006e-09,9.489760341037625e-05,0.001953125
4984,2.220603722274567e-09,0.00020733571928052143,0.00390625
4985,2.2102469454999474e-09,0.0001985908192194184,0.001953125
4986,2.2000854023660502e-09,0.00019029454342949997,0.001953125
4987,2.1901041570675484e-09,0.00018242694320839872,0.001953125
4988,2.180289629746143e-09,0.00017496897775486368,0.001953125
4989,2.1706294723946485e-09,0.00016790246365154827,0.001953125
4990,2.161112456122233e-09,0.00016121002616632826,0.001953125
4991,2.1517283687406522e-09,0.00015487505234746966,0.001953125
4992,2.1424679217265755e-09,0.00014888164591145387,0.001953125
4993,2.1333226657015923e-09,0.00014321458394625793,0.001953125
4994,2.124284913650082e-09,0.00013785927547662642,0.001953125
4995,2.1153476711665243e-09,0.00013280172196038957,0.001953125
4996,2.106504573088695e-09,0.0001280284798050301,0.001953125
4997,2.097749825932087e-09,0.00012352662501018848,0.001953125
4998,2.089078155594458e-09,0.00011928372005324529,0.001953125
4999,2.080484759847995e-09,0.0001152877831401722,0.001953125
5000,2.071965265180782e-09,0.00011152725994126948,0.001953125
5001,2.0635156875893868e-09,0.00010799099792023945,0.001953125
5002,2.0551323969608272e-09,0.00010466822334471242,0.001953125
5003,2.0468120847152914e-09,0.00010154852103680364,0.001953125
5004,2.0385517344111038e-09,9.862181688411735e-05,0.001953125
5005,2.0303485950407066e-09,9.587836308608434e-05,0.001953125
5006,2.0222001567713174e-09,9.330872605954755e-05,0.001953125
5007,2.0141041289064237e-09,9.090377687359615e-05,0.001953125
5008,2.006058419864804e-09,8.865468402973163e-05,0.001953125
5009,2.004770985907873e-09,0.0001910679052215143,0.00390625
5010,1.9955218676486932e-09,0.00018306616322530956,0.001953125
5011,1.9864393637223025e-09,0.00017547711856351656,0.001953125
5012,1.9775108744415547e-09,0.00016828243584416814,0.001953125
5013,1.96872494329684e-09,0.00016146460763429935,0.001953125
5014,1.9600711523354735e-09,0.0001550069076767599,0.001953125
5015,1.9515400271192385e-09,0.00014889334581828298,0.001953125
5016,1.9431229503831636e-09,0.0001431086246420067,0.001953125
5017,1.9348120835989173e-09,0.00013763809782042256,0.001953125
5018,1.9266002957191365e-09,0.00013246773022745786,0.001953125
5019,1.9184810984452484e-09,0.00012758405987021895,0.001953125
5020,1.9104485874215472e-09,0.0001229741617207778,0.001953125
5021,1.9024973888129583e-09,0.00011862561354506817,0.001953125
5022,1.8946226107736017e-09,0.00011452646383818116,0.001953125
5023,1.886819799358387e-09,0.0001106652019818006,0.001953125
5024,1.8790848984708735e-09,0.00010703073073898416,0.001953125
5025,1.8714142134778567e-09,0.00010361234119298249,0.001953125
5026,1.863804378154993e-09,0.00010039969021964463,0.001953125
5027,1.8562523246584867e-09,9.738278055700882e-05,0.001953125
5028,1.8487552562458068e-09,9.455194350132211e-05,0.001953125
5029,1.8413106224937427e-09,9.189782421700418e-05,0.001953125
5030,1.8339160967851696e-09,8.941136960064683e-05,0.001953125
5031,1.826569555856811e-09,8.708381858827558e-05,0.001953125
5032,1.8192690612193143e-09,8.490669474350376e-05,0.001953125
5033,1.818404915190353e-09,0.00018383471605246216,0.00390625
5034,1.8099856885207315e-09,0.00017611723660969602,0.001953125
5035,1.8017204433551051e-09,0.00016879707322329195,0.001953125
5036,1.7935974893726138e-09,0.00016185656923761618,0.001953125
5037,1.7856061971396595e-09,0.0001552788674802353,0.001953125
5038,1.7777369010194335e-09,0.0001490478653209508,0.001953125
5039,1.7699808109702002e-09,0.00014314817136461315,0.001953125
5040,1.762329932418546e-09,0.00013756506376588586,0.001953125
5041,1.7547769934683094e-09,0.00013228445017571039,0.001953125
5042,1.7473153787735918e-09,0.00012729282935094332,0.001953125
5043,1.7399390694657338e-09,0.0001225772544797107,0.001953125
5044,1.7326425885800015e-09,0.00011812529829449322,0.001953125
5045,1.7254209514784664e-09,0.00011392502006170732,0.001953125
5046,1.7182696208116713e-09,0.00010996493454936143,0.001953125
5047,1.7111844656035364e-09,0.00010623398308199629,0.001953125
5048,1.7041617240820183e-09,0.0001027215067933739,0.001953125
5049,1.6971979699125862e-09,9.941722218125061e-05,0.001953125
5050,1.6902900815229763e-09,9.631119905434311e-05,0.001953125
5051,1.6834352142362145e-09,9.339384093898338e-05,0.001953125
5052,1.6766307749548019e-09,9.06558679821926e-05,0.001953125
5053,1.669874399162494e-09,8.808830234981691e-05,0.001953125
5054,1.6631639300314976e-09,8.568245607440437e-05,0.001953125
5055,1.6564973994423242e-09,8.342992125967994e-05,0.001953125
5056,1.6498730107411968e-09,8.13225624992799e-05,0.001953125
5057,1.6493708943435954e-09,0.00017687983545680444,0.00390625
5058,1.641706536672475e-09,0.00016943669574063011,0.001953125
5059,1.6341844965996861e-09,0.00016237606551033258,0.001953125
5060,1.6267939274859027e-09,0.00015568094122087376,0.001953125
5061,1.6195249672125606e-09,0.0001493350912561604,0.001953125
5062,1.6123686480795336e-09,0.00014332301275941914,0.001953125
5063,1.605316814951793e-09,0.00013762989002461407,0.001953125
5064,1.5983620508998357e-09,0.00013224155443259476,0.001953125
5065,1.5914976096478087e-09,0.00012714444593607562,0.001953125
5066,1.5847173542060571e-09,0.00012232557611825023,0.001953125
5067,1.5780157011219106e-09,0.0001177724928701378,0.001953125
5068,1.57138756983433e-09,0.00011347324675076559,0.001953125
5069,1.5648283366651495e-09,0.00010941635911098911,0.001953125
5070,1.5583337930224215e-09,0.00010559079207499962,0.001953125
5071,1.5519001074302313e-09,0.00010198592048217577,0.001953125
5072,1.5455237910346631e-09,9.859150589474968e-05,0.001953125
5073,1.5392016662676629e-09,9.539767277276024e-05,0.001953125
5074,1.5329308383796864e-09,9.23948869061991e-05,0.001953125
5075,1.526708669578488e-09,8.957393617472917e-05,0.001953125
5076,1.5205327555354506e-09,8.692591367796368e-05,0.001953125
5077,1.5144009040427004e-09,8.44422032446797e-05,0.001953125
5078,1.508311115624103e-09,8.211446728873469e-05,0.001953125
5079,1.5022615659212492e-09,7.99346369346478e-05,0.001953125
5080,1.496250589691934e-09,7.789490428906984e-05,0.001953125
5081,1.4960565214642949e-09,0.00017019231063446357,0.00390625
5082,1.489078834060206e-09,0.00016301392491002486,0.001953125
5083,1.4822326939759964e-09,0.00015620379537750357,0.001953125
5084,1.475508037318486e-09,0.00014974554698044985,0.001953125
5085,1.4688957138460816e-09,0.00014362354993180016,0.001953125
5086,1.4623874033516216e-09,0.00013782287824707268,0.001953125
5087,1.4559755397004855e-09,0.00013232926977025557,0.001953125
5088,1.4496532418231024e-09,0.0001271290876721029,0.001953125
5089,1.4434142510251706e-09,0.00012220928341982788,0.001953125
5090,1.4372528740371771e-09,0.00011755736123687669,0.001953125
5091,1.431163931277779e-09,0.00011316134409095004,0.001953125
5092,1.4251427098536928e-09,0.00010900974126692526,0.001953125
5093,1.4191849208624624e-09,0.00010509151759787292,0.001953125
5094,1.4132866606041576e-09,0.00010139606444090032,0.001953125
5095,1.407444375344135e-09,9.79131724939579e-05,0.001953125
5096,1.4016548293017504e-09,9.4633006553902e-05,0.001953125
5097,1.3959150755696805e-09,9.154608231400459e-05,0.001953125
5098,1.3902224296955446e-09,8.864324528994463e-05,0.001953125
5099,1.3845744456820916e-09,8.591565194663919e-05,0.001953125
5100,1.3789688941845225e-09,8.335475307403788e-05,0.001953125
5101,1.3734037427037957e-09,8.095227942869136e-05,0.001953125
5102,1.3678771375931804e-09,7.870022962054255e-05,0.001953125
5103,1.3623873877120456e-09,7.659086018255554e-05,0.001953125
5104,1.3569329495760827e-09,7.461667771654829e-05,0.001953125
5105,1.3515124138669534e-09,7.277043296433662e-05,0.001953125
5106,1.3506464182701243e-09,0.0001568387413877543,0.00390625
5107,1.3444150037922381e-09,0.00015027038556693416,0.001953125
5108,1.3382958529471801e-09,0.00014404079505069215,0.001953125
5109,1.3322804759420241e-09,0.00013813491908968393,0.001953125
5110,1.326361153269072e-09,0.00013253838658274433,0.001953125
5111,1.320530865211368e-09,0.0001272374676751134,0.001953125
5112,1.3147832278020705e-09,0.00012221903676128305,0.001953125
5113,1.3091124346468102e-09,0.00011747053688685103,0.001953125
5114,1.3035132040722682e-09,0.00011297994556246581,0.001953125
5115,1.2979807311133388e-09,0.0001087357420216037,0.001953125
5116,1.2925106438958959e-09,0.00010472687597183313,0.001953125
5117,1.2870989640127298e-09,0.00010094273790551954,0.001953125
5118,1.2817420705270754e-09,9.737313104962516e-05,0.001953125
5119,1.2764366672716087e-09,9.400824504429648e-05,0.001953125
5120,1.2711797531412073e-09,9.08386314452342e-05,0.001953125
5121,1.2659685951053896e-09,8.785518114441338e-05,0.001953125
5122,1.260800703691434e-09,8.5049103796742e-05,0.001953125
5123,1.2556738107119859e-09,8.24119093261863e-05,0.001953125
5124,1.2505858490316596e-09,7.993539156360362e-05,0.001953125
5125,1.2455349341859646e-09,7.761161404033357e-05,0.001953125
5126,1.2405193476829676e-09,7.543289792735723e-05,0.001953125
5127,1.2355375218336309e-09,7.339181207091347e-05,0.001953125
5128,1.2305880259708792e-09,7.148116503371571e-05,0.001953125
5129,1.2256695539302461e-09,6.969399900855965e-05,0.001953125
5130,1.225088635391468e-09,0.00015090137710911783,0.00390625
5131,1.2194163417912887e-09,0.0001445663636040164,0.001953125
5132,1.213847799957693e-09,0.0001385574895881667,0.001953125
5133,1.208375132837452e-09,0.00013286026145556258,0.001953125
5134,1.2029911782145005e-09,0.00012746084187309077,0.001953125
5135,1.1976894232893386e-09,0.0001223460128909465,0.001953125
5136,1.1924639452477674e-09,0.0001175031403940822,0.001953125
5137,1.1873093572706288e-09,0.00011292013988495255,0.001953125
5138,1.1822207594864004e-09,0.00010858544360553274,0.001953125
5139,1.1771936944141234e-09,0.00010448796902441333,0.001953125
5140,1.172224106485555e-09,0.00010061708873207544,0.001953125
5141,1.1673083052730837e-09,9.696260180343191e-05,0.001953125
5142,1.162442932084138e-09,9.351470670047341e-05,0.001953125
5143,1.1576249296138705e-09,9.026397579838272e-05,0.001953125
5144,1.1528515143761332e-09,8.720133162475014e-05,0.001953125
5145,1.1481201516583753e-09,8.431802490256176e-05,0.001953125
5146,1.1434285327693969e-09,8.160561448261177e-05,0.001953125
5147,1.1387745543700417e-09,7.905594923932378e-05,0.001953125
5148,1.13415629969613e-09,7.666115198541505e-05,0.001953125
5149,1.1295720215003892e-09,7.441360543559553e-05,0.001953125
5150,1.1250201265560071e-09,7.230594021823997e-05,0.001953125
5151,1.1204991615788396e-09,7.033102489789217e-05,0.001953125
5152,1.1160078004383826e-09,6.848195793221155e-05,0.001953125
5153,1.1115448325395281e-09,6.675206144659224e-05,0.001953125
5154,1.1112077274974752e-09,0.00014519246116727268,0.00390625
5155,1.1060440101727826e-09,0.00013908264458811117,0.001953125
5156,1.1009761855941464e-09,0.000133286813435309,0.001953125
5157,1.0959969451890425e-09,0.00012779101021140484,0.001953125
5158,1.0910996437655486e-09,0.0001225819110730407,0.001953125
5159,1.0862782388004342e-09,0.00011764679039538187,0.001953125
5160,1.0815272352855015e-09,0.00011297348661787203,0.001953125
5161,1.0768416356233113e-09,0.00010855036935791026,0.001953125
5162,1.0722168941100014e-09,0.00010436630779578849,0.001953125
5163,1.0676488755852462e-09,0.00010041064035122373,0.001953125
5164,1.063133817867834e-09,9.667314568847432e-05,0.001953125
5165,1.0586682976302877e-09,9.314401510263483e-05,0.001953125
5166,1.0542491993976714e-09,8.981382635341206e-05,0.001953125
5167,1.0498736873845553e-09,8.667351902356402e-05,0.001953125
5168,1.0455391799102984e-09,8.371437148625501e-05,0.001953125
5169,1.041243326156599e-09,8.092797956789718e-05,0.001953125
5170,1.0369839850528702e-09,7.830623698977744e-05,0.001953125
5171,1.032759206094633e-09,7.58413176622831e-05,0.001953125
5172,1.0285672119179552e-09,7.352565988952392e-05,0.001953125
5173,1.0244063824691645e-09,7.135195251967452e-05,0.001953125
5174,1.0202752406237854e-09,6.931312304795786e-05,0.001953125
5175,1.0161724391220176e-09,6.740232764586898e-05,0.001953125
5176,1.0120967487002292e-09,6.561294305346419e-05,0.001953125
5177,1.0080470473089562e-09,6.393856023317933e-05,0.001953125
5178,1.0079173942070037e-09,0.00013970300307395767,0.00390625
5179,1.003216305946981e-09,0.0001338105147434741,0.001953125
5180,9.986038535253423e-10,0.00012822031193702855,0.001953125
5181,9.940732557914404e-10,0.00012291895305480756,0.001953125
5182,9.896183472228232e-10,0.00011789360826676724,0.001953125
5183,9.852335215831001e-10,0.00011313202547481052,0.001953125
5184,9.809136807380061e-10,0.00010862249750020354,0.001953125
5185,9.766541881574148e-10,0.00010435383047955596,0.001953125
5186,9.72450826674292e-10,0.00010031531346851219,0.001953125
5187,9.68299760110853e-10,9.649668926846348e-05,0.001953125
5188,9.641974984178736e-10,9.288812650758416e-05,0.001953125
5189,9.601408660055133e-10,8.94801930226706e-05,0.001953125
5190,9.561269729734618e-10,8.626383060184107e-05,0.001953125
5191,9.52153188974967e-10,8.32303311592715e-05,0.001953125
5192,9.482171194736046e-10,8.037131442086703e-05,0.001953125
5193,9.443165841737319e-10,7.767870720318838e-05,0.001953125
5194,9.404495974256116e-10,7.514472436623477e-05,0.001953125
5195,9.366143504244291e-10,7.276185151317939e-05,0.001953125
5196,9.328091950389605e-10,7.052282949647464e-05,0.001953125
5197,9.290326291206933e-10,6.842064076986204e-05,0.001953125
5198,9.252832831578657e-10,6.644849760012886e-05,0.001953125
5199,9.215599081512878e-10,6.45998321217931e-05,0.001953125
5200,9.178613646000913e-10,6.286828818356617e-05,0.001953125
5201,9.141866124957886e-10,6.124771489912475e-05,0.001953125
5202,9.105347022323312e-10,5.973216177839374e-05,0.001953125
5203,9.099521897537118e-10,0.0001287416156956312,0.00390625
5204,9.057538947968322e-10,0.00012334987747566158,0.001953125
5205,9.016312423317408e-10,0.00011823621697036263,0.001953125
5206,8.975785118525939e-10,0.00011338827965486255,0.001953125
5207,8.935905018799588e-10,0.00010879426890829774,0.001953125
5208,8.896624824608737e-10,0.00010444291449188567,0.001953125
5209,8.857901520175854e-10,0.00010032344217992738,0.001953125
5210,8.81969598146833e-10,9.642554453910987e-05,0.001953125
5211,8.781972620079922e-10,9.273935286682271e-05,0.001953125
5212,8.744699059715114e-10,8.925541031451965e-05,0.001953125
5213,8.707845842291526e-10,8.596464623685963e-05,0.001953125
5214,8.671386160948739e-10,8.285835182074293e-05,0.001953125
5215,8.635295617500199e-10,7.992815705960726e-05,0.001953125
5216,8.599552002090355e-10,7.716600914659334e-05,0.001953125
5217,8.564135093024108e-10,7.456415236454934e-05,0.001953125
5218,8.529026474921726e-10,7.211510955049836e-05,0.001953125
5219,8.494209373521483e-10,6.981166520647576e-05,0.001953125
5220,8.459668505605873e-10,6.764685031710992e-05,0.001953125
5221,8.425389942666832e-10,6.561392891685722e-05,0.001953125
5222,8.391360987052074e-10,6.37063864266717e-05,0.001953125
5223,8.357570059449908e-10,6.191791975179153e-05,0.001953125
5224,8.32400659667444e-10,6.0242429100384026e-05,0.001953125
5225,8.290660958808156e-10,5.867401144852669e-05,0.001953125
5226,8.257524344845192e-10,5.720695554224e-05,0.001953125
5227,8.253619164161626e-10,0.00012386792944006443,0.00390625
5228,8.215403166339952e-10,0.00011866773469129402,0.001953125
5229,8.177886241382641e-10,0.00011373525368014805,0.001953125
5230,8.141015312929917e-10,0.00010905858921501463,0.001953125
5231,8.104742121271141e-10,0.00010462638281992783,0.001953125
5232,8.069022782533798e-10,0.00010042778445392222,0.001953125
5233,8.033817388229292e-10,9.645242333112969e-05,0.001953125
5234,7.999089641460772e-10,9.269037983360434e-05,0.001953125
5235,7.96480652643647e-10,8.913215852340012e-05,0.001953125
5236,7.930938008239373e-10,8.576866227505882e-05,0.001953125
5237,7.89745676008315e-10,8.259116756386632e-05,0.001953125
5238,7.864337915537908e-10,7.959130095835553e-05,0.001953125
5239,7.831558843439738e-10,7.676101687682713e-05,0.001953125
5240,7.799098943407255e-10,7.409257667630119e-05,0.001953125
5241,7.766939460078541e-10,7.157852914746582e-05,0.001953125
5242,7.735063314354575e-10,6.921169249004836e-05,0.001953125
5243,7.703454950092171e-10,6.698513783892229e-05,0.001953125
5244,7.672100194831957e-10,6.489217440169507e-05,0.001953125
5245,7.640986133276479e-10,6.292633625330535e-05,0.001953125
5246,7.610100992351125e-10,6.108137081244651e-05,0.001953125
5247,7.579434036787398e-10,5.935122899898812e-05,0.001953125
5248,7.54897547426523e-10,5.773005704195764e-05,0.001953125
5249,7.518716369239159e-10,5.621218987543273e-05,0.001953125
5250,7.488648564653353e-10,5.4792146026550105e-05,0.001953125
5251,7.486385376918606e-10,0.00011918176397162393,0.00390625
5252,7.451595799172883e-10,0.00011416642635602975,0.001953125
5253,7.417452341013514e-10,0.00010940882574206067,0.001953125
5254,7.383905756558204e-10,0.00010489750500503121,0.001953125
5255,7.350911269853997e-10,0.00010062152716854713,0.001953125
5256,7.318428165793902e-10,9.657044631737891e-05,0.001953125
5257,7.286419418485656e-10,9.273427956208153e-05,0.001953125
5258,7.254851353643736e-10,8.910348004432973e-05,0.001953125
5259,7.223693341889729e-10,8.566891098568803e-05,0.001953125
5260,7.192917520131311e-10,8.242182079648421e-05,0.001953125
5261,7.162498538449159e-10,7.935381927512667e-05,0.001953125
5262,7.132413330156489e-10,7.645685494101652e-05,0.001953125
5263,7.102640902909683e-10,7.372319355545964e-05,0.001953125
5264,7.07316214894275e-10,7.114539789391809e-05,0.001953125
5265,7.043959672674762e-10,6.87163088387496e-05,0.001953125
5266,7.015017634099732e-10,6.642902786349252e-05,0.001953125
5267,6.98632160651402e-10,6.427690097707553e-05,0.001953125
5268,6.957858447268607e-10,6.225350418855465e-05,0.001953125
5269,6.9296161803538e-10,6.035263053984173e-05,0.001953125
5270,6.901583889733064e-10,5.856827873545062e-05,0.001953125
5271,6.873751622441872e-10,5.689464337498111e-05,0.001953125
5272,6.846110300557576e-10,5.5326106766714825e-05,0.001953125
5273,6.818651641228115e-10,5.385723227051771e-05,0.001953125
5274,6.791368084021762e-10,5.248275908675628e-05,0.001953125
5275,6.790501960198423e-10,0.00011467573954456477,0.00390625
5276,6.758829244542812e-10,0.00010983879987225688,0.001953125
5277,6.727753752143318e-10,0.00010524999326618085,0.001953125
5278,6.69722979093695e-10,0.00010089828607852683,0.001953125
5279,6.667215817029234e-10,9.677314684533514e-05,0.001953125
5280,6.63767405505489e-10,9.286451834671711e-05,0.001953125
5281,6.608570153294979e-10,8.916279067278168e-05,0.001953125
5282,6.579872870368496e-10,8.56587752815617e-05,0.001953125
5283,6.55155379060766e-10,8.23436800482192e-05,0.001953125
5284,6.523587065490868e-10,7.920908531807538e-05,0.001953125
5285,6.495949178747626e-10,7.62469209891399e-05,0.001953125
5286,6.468618732968243e-10,7.344944466226986e-05,0.001953125
5287,6.441576255749485e-10,7.080922090823911e-05,0.001953125
5288,6.414804023587587e-10,6.83191017101259e-05,0.001953125
5289,6.388285901893831e-10,6.597220814577241e-05,0.001953125
5290,6.36200719965662e-10,6.37619133778826e-05,0.001953125
5291,6.335954537409125e-10,6.168182701792194e-05,0.001953125
5292,6.310115727284342e-10,5.972578092382923e-05,0.001953125
5293,6.284479664050919e-10,5.7887816480331346e-05,0.001953125
5294,6.259036226124455e-10,5.6162173394340324e-05,0.001953125
5295,6.233776185640981e-10,5.454328001682979e-05,0.001953125
5296,6.208691126762936e-10,5.3025745177427544e-05,0.001953125
5297,6.183773371463981e-10,5.160435148978522e-05,0.001953125
5298,6.159015912107897e-10,5.0274050055976643e-05,0.001953125
5299,6.134412350199573e-10,4.902995646835716e-05,0.001953125
5300,6.130494087033097e-10,0.00010567799436637067,0.00390625
5301,6.102208886830896e-10,0.00010125210122076452,0.001953125
5302,6.074433360726949e-10,9.70544699849906e-05,0.001953125
5303,6.047128963391123e-10,9.307495935103199e-05,0.001953125
5304,6.020260646748644e-10,8.930388597852473e-05,0.001953125
5305,5.993796539920436e-10,8.573199862012261e-05,0.001953125
5306,5.967707658465272e-10,8.2350453193201e-05,0.001953125
5307,5.941967640241163e-10,7.915078879408025e-05,0.001953125
5308,5.916552505448847e-10,7.612490466354406e-05,0.001953125
5309,5.8914404386435e-10,7.326503812499922e-05,0.001953125
5310,5.866611590703374e-10,7.056374352869389e-05,0.001953125
5311,5.842047898928297e-10,6.801387224639687e-05,0.001953125
5312,5.817732923608155e-10,6.560855377017654e-05,0.001953125
5313,5.79365169955353e-10,6.334117797569035e-05,0.001953125
5314,5.769790601218621e-10,6.120537861397865e-05,0.001953125
5315,5.746137220172084e-10,5.9195018095481465e-05,0.001953125
5316,5.722680253785283e-10,5.7304173625309014e-05,0.001953125
5317,5.699409404110964e-10,5.552712473933971e-05,0.001953125
5318,5.676315286019424e-10,5.385834227639186e-05,0.001953125
5319,5.653389343744579e-10,5.229247880273776e-05,0.001953125
5320,5.630623775070033e-10,5.0824360482171016e-05,0.001953125
5321,5.608011462455656e-10,4.944898035862493e-05,0.001953125
5322,5.58554591046926e-10,4.816149299021844e-05,0.001953125
5323,5.563221188946123e-10,4.695721034507197e-05,0.001953125
5324,5.560595974326995e-10,0.00010167742835075356,0.00390625
5325,5.534848673545809e-10,9.740876730079491e-05,0.001953125
5326,5.509572403656293e-10,9.33598608272861e-05,0.001953125
5327,5.48473140128494e-10,8.952094302598296e-05,0.001953125
5328,5.460293148567861e-10,8.58826902089044e-05,0.001953125
5329,5.436228076127599e-10,8.243619604860444e-05,0.001953125
5330,5.412509293242795e-10,7.917294762595124e-05,0.001953125
5331,5.389112342721134e-10,7.608480237481753e-05,0.001953125
5332,5.366014978213882e-10,7.316396592901947e-05,0.001953125
5333,5.343196961917472e-10,7.040297088885124e-05,0.001953125
5334,5.320639880795635e-10,6.779465653622038e-05,0.001953125
5335,5.298326979626459e-10,6.533214953815876e-05,0.001953125
5336,5.276243009334026e-10,6.300884568775685e-05,0.001953125
5337,5.254374089205262e-10,6.08183927386658e-05,0.001953125
5338,5.23270758172081e-10,5.875467439354605e-05,0.001953125
5339,5.211231978845043e-10,5.681179550755341e-05,0.001953125
5340,5.189936798726117e-10,5.498406856458345e-05,0.001953125
5341,5.168812491852994e-10,5.3266001476150055e-05,0.001953125
5342,5.147850355803642e-10,5.1652286740290216e-05,0.001953125
5343,5.127042457797842e-10,5.0137791980894336e-05,0.001953125
5344,5.106381564340085e-10,4.8717551866817165e-05,0.001953125
5345,5.085861077303454e-10,4.73867613858256e-05,0.001953125
5346,5.065474975864764e-10,4.6140770422001974e-05,0.001953125
5347,5.045217763755328e-10,4.497507955801704e-05,0.001953125
5348,5.043698369926522e-10,9.783078792808754e-05,0.00390625
5349,5.020259543831458e-10,9.371387033329984e-05,0.001953125
5350,4.997256069249778e-10,8.980851785090568e-05,0.001953125
5351,4.97465476382042e-10,8.610532580742664e-05,0.001953125
5352,4.952425457068443e-10,8.259531650404229e-05,0.001953125
5353,4.930540714760265e-10,7.92699153405615e-05,0.001953125
5354,4.908975588494552e-10,7.612092780268885e-05,0.001953125
5355,4.88770738821834e-10,7.314051730351436e-05,0.001953125
5356,4.866715475569546e-10,7.03211838814417e-05,0.001953125
5357,4.84598107613913e-10,6.765574376821846e-05,0.001953125
5358,4.82548710892079e-10,6.513730985195533e-05,0.001953125
5359,4.805218031374611e-10,6.275927307053674e-05,0.001953125
5360,4.785159698675172e-10,6.051528478006625e-05,0.001953125
5361,4.765299235845489e-10,5.839924015032563e-05,0.001953125
5362,4.745624921597065e-10,5.640526264400021e-05,0.001953125
5363,4.72612608280431e-10,5.4527689637994424e-05,0.001953125
5364,4.706792998639738e-10,5.276105924296996e-05,0.001953125
5365,4.687616813485472e-10,5.110009837086199e-05,0.001953125
5366,4.668589457817555e-10,4.953971208935209e-05,0.001953125
5367,4.649703576333149e-10,4.807497428714908e-05,0.001953125
5368,4.6309524626575006e-10,4.6701119654804855e-05,0.001953125
5369,4.612330000028295e-10,4.5413536963351496e-05,0.001953125
5370,4.5938306074101435e-10,4.4207763598276975e-05,0.001953125
5371,4.5754491905420717e-10,4.307948128051274e-05,0.001953125
5372,4.57487063493448e-10,9.413201551329131e-05,0.00390625
5373,4.553531726476398e-10,9.016153919485364e-05,0.001953125
5374,4.5325952236651144e-10,8.639474454051221e-05,0.001953125
5375,4.512030338737169e-10,8.282257448966356e-05,0.001953125
5376,4.491809079009351e-10,7.943638420968802e-05,0.001953125
5377,4.471905991073653e-10,7.622791816171963e-05,0.001953125
5378,4.4522979284115067e-10,7.31892879919236e-05,0.001953125
5379,4.4329638402832224e-10,7.031295123701564e-05,0.001953125
5380,4.413884579944814e-10,6.759169084341468e-05,0.001953125
5381,4.395042730422751e-10,6.501859551030999e-05,0.001953125
5382,4.3764224462391403e-10,6.258704087769983e-05,0.001953125
5383,4.3580093096270644e-10,6.029067159068439e-05,0.001953125
5384,4.3397901999094306e-10,5.812338428044909e-05,0.001953125
5385,4.3217531748362066e-10,5.607931150986982e-05,0.001953125
5386,4.303887362785203e-10,5.415280673688397e-05,0.001953125
5387,4.286182864831817e-10,5.2338430351084405e-05,0.001953125
5388,4.268630665784224e-10,5.063093683784818e-05,0.001953125
5389,4.2512225533631824e-10,4.902526311926725e-05,0.001953125
5390,4.23395104478082e-10,4.751651811194616e-05,0.001953125
5391,4.2168093200409737e-10,4.609997352834916e-05,0.001953125
5392,4.1997911613457444e-10,4.4771055931081166e-05,0.001953125
5393,4.182890898049193e-10,4.3525340028839376e-05,0.001953125
5394,4.166103356650343e-10,4.235854317964897e-05,0.001953125
5395,4.149423815364126e-10,4.126652104252998e-05,0.001953125
5396,4.1328479628511447e-10,4.0245264294265365e-05,0.001953125
5397,4.1302123550562093e-10,8.674614221783694e-05,0.00390625
5398,4.1111557484762367e-10,8.311307820045279e-05,0.001953125
5399,4.0924425569281056e-10,7.966738446388885e-05,0.001953125
5400,4.074046808189842e-10,7.640073643642081e-05,0.001953125
5401,4.0559448865274786e-10,7.330518547904317e-05,0.001953125
5402,4.0381153170354127e-10,7.037313764638859e-05,0.001953125
5403,4.0205385697206634e-10,6.759733322441431e-05,0.001953125
5404,4.0031968815234376e-10,6.497082704170495e-05,0.001953125
5405,3.9860740946318695e-10,6.248696956157791e-05,0.001953125
5406,3.969155509599166e-10,6.013938877249767e-05,0.001953125
5407,3.9524277519079684e-10,5.792197290421261e-05,0.001953125
5408,3.9358786507507795e-10,5.582885400604687e-05,0.001953125
5409,3.91949712890807e-10,5.385439243136382e-05,0.001953125
5410,3.903273102708018e-10,5.1993162277779507e-05,0.001953125
5411,3.887197391144901e-10,5.023993783565009e-05,0.001953125
5412,3.871261633317627e-10,4.858968109713608e-05,0.001953125
5413,3.8554582134266894e-10,4.703753037430516e-05,0.001953125
5414,3.8397801926375365e-10,4.557879006697827e-05,0.001953125
5415,3.8242212471817307e-10,4.420892160927048e-05,0.001953125
5416,3.808775612124804e-10,4.2923535608206335e-05,0.001953125
5417,3.7934380302820165e-10,4.171838516886864e-05,0.001953125
5418,3.7782037058107074e-10,4.058936037902711e-05,0.001953125
5419,3.763068262051085e-10,3.953248390311277e-05,0.001953125
5420,3.74802770322651e-10,3.854390761198283e-05,0.001953125
5421,3.746262940717049e-10,8.346227706312877e-05,0.00390625
5422,3.728916187069663e-10,7.995827999702799e-05,0.001953125
5423,3.7118868110704616e-10,7.663466991557168e-05,0.001953125
5424,3.695150715006444e-10,7.348343039867301e-05,0.001953125
5425,3.6786859880236455e-10,7.04969080289246e-05,0.001953125
5426,3.662472705989729e-10,6.766779198888841e-05,0.001953125
5427,3.646492749679424e-10,6.49890943999998e-05,0.001953125
5428,3.630729639605273e-10,6.245413139765618e-05,0.001953125
5429,3.615168385969798e-10,6.005650494685619e-05,0.001953125
5430,3.59979535235466e-10,5.7790085412612944e-05,0.001953125
5431,3.584598131889152e-10,5.5648994908934195e-05,0.001953125
5432,3.5695654347555296e-10,5.3627591459004095e-05,0.001953125
5433,3.5546869859932345e-10,5.172045400681409e-05,0.001953125
5434,3.539953432659144e-10,4.992236832631917e-05,0.001953125
5435,3.5253562594872623e-10,4.82283138776751e-05,0.001953125
5436,3.510887712269713e-10,4.6633451660701284e-05,0.001953125
5437,3.496540728252133e-10,4.513311311295388e-05,0.001953125
5438,3.4823088729012734e-10,4.3722790093359734e-05,0.001953125
5439,3.4681862824614125e-10,4.23981259821213e-05,0.001953125
5440,3.4541676117696156e-10,4.1154907913660464e-05,0.001953125
5441,3.440247986848367e-10,3.998906014210054e-05,0.001953125
5442,3.426422961838196e-10,3.889663851884517e-05,0.001953125
5443,3.412688479872965e-10,3.787382604011426e-05,0.001953125
5444,3.399040837536857e-10,3.691692939996813e-05,0.001953125
5445,3.398020803796351e-10,8.030476103795239e-05,0.00390625
5446,3.3822293338780487e-10,7.692532544134442e-05,0.001953125
5447,3.3667312012068863e-10,7.3719554458304e-05,0.001953125
5448,3.351504047180795e-10,7.06797281865206e-05,0.001953125
5449,3.336527542638731e-10,6.779847721480544e-05,0.001953125
5450,3.3217832021282907e-10,6.506876302456758e-05,0.001953125
5451,3.307254215177364e-10,6.248385909990033e-05,0.001953125
5452,3.2929252930130624e-10,6.003733273881769e-05,0.001953125
5453,3.278782529313685e-10,5.772302756744507e-05,0.001953125
5454,3.264813273708957e-10,5.553504676836429e-05,0.001953125
5455,3.2510060168614045e-10,5.3467737043526724e-05,0.001953125
5456,3.237350286068582e-10,5.151567334077996e-05,0.001953125
5457,3.2238365504229387e-10,4.967364438064081e-05,0.001953125
5458,3.2104561346543035e-10,4.793663902597106e-05,0.001953125
5459,3.1972011408600596e-10,4.6299833541134205e-05,0.001953125
5460,3.1840643774008823e-10,4.47585797885059e-05,0.001953125
5461,3.171039294306008e-10,4.3308394408416685e-05,0.001953125
5462,3.1581199245920744e-10,4.19449490233771e-05,0.001953125
5463,3.14530083095412e-10,4.066406149859526e-05,0.001953125
5464,3.13257705733692e-10,3.9461688278385593e-05,0.001953125
5465,3.119944084939845e-10,3.833391780237512e-05,0.001953125
5466,3.107397792249338e-10,3.7276964986997976e-05,0.001953125
5467,3.0949344187302865e-10,3.628716673744054e-05,0.001953125
5468,3.0825505318412853e-10,3.536097843398747e-05,0.001953125
5469,3.08216409571546e-10,7.726862183859308e-05,0.00390625
5470,3.067787399363706e-10,7.400939529257363e-05,0.001953125
5471,3.05368184165801e-10,7.091736218403524e-05,0.001953125
5472,3.039826677499184e-10,6.798508795024097e-05,0.001953125
5473,3.026203045142958e-10,6.520547641430622e-05,0.001953125
5474,3.0127937938358025e-10,6.257175095974885e-05,0.001953125
5475,2.999583327230911e-10,6.007743638263607e-05,0.001953125
5476,2.9865574611396434e-10,5.771634141206785e-05,0.001953125
5477,2.9737032943059673e-10,5.548254189848385e-05,0.001953125
5478,2.961009091011618e-10,5.337036467821884e-05,0.001953125
5479,2.948464174428831e-10,5.137437213157677e-05,0.001953125
5480,2.9360588297367e-10,4.948934746008805e-05,0.001953125
5481,2.923784216107242e-10,4.771028071612945e-05,0.001953125
5482,2.911632286749157e-10,4.6032355624240385e-05,0.001953125
5483,2.8995957162715613e-10,4.445093723775146e-05,0.001953125
5484,2.887667834697532e-10,4.2961560476243295e-05,0.001953125
5485,2.8758425675186637e-10,4.155991958841873e-05,0.001953125
5486,2.86411438123756e-10,4.0241858580835906e-05,0.001953125
5487,2.852478233895826e-10,3.900336264540156e-05,0.001953125
5488,2.840929530131134e-10,3.7840550607545327e-05,0.001953125
5489,2.829464080348701e-10,3.67496684028013e-05,0.001953125
5490,2.818078063630501e-10,3.572708357258046e-05,0.001953125
5491,2.8067679940400217e-10,3.476928075093939e-05,0.001953125
5492,2.795530690011676e-10,3.3872858094070135e-05,0.001953125
5493,2.784363246542472e-10,3.303452458414445e-05,0.001953125
5494,2.7825904178440843e-10,7.120586686239038e-05,0.00390625
5495,2.7697513976910207e-10,6.822360911055777e-05,0.001953125
5496,2.7571437683127005e-10,6.539515547858603e-05,0.001953125
5497,2.744750029370898e-10,6.271367267688793e-05,0.001953125
5498,2.732554268354168e-10,6.017263600843228e-05,0.001953125
5499,2.720542015264062e-10,5.776581193473811e-05,0.001953125
5500,2.708700110605011e-10,5.5487241279448826e-05,0.001953125
5501,2.6970165854598664e-10,5.3331223066887656e-05,0.001953125
5502,2.685480552544645e-10,5.129229900147959e-05,0.001953125
5503,2.674082107237289e-10,4.936523860239609e-05,0.001953125
5504,2.6628122376672997e-10,4.7545025015911515e-05,0.001953125
5505,2.6516627430366946e-10,4.582684153536476e-05,0.001953125
5506,2.6406261594186903e-10,4.420605886484605e-05,0.001953125
5507,2.62969569234951e-10,4.267822316729754e-05,0.001953125
5508,2.6188651555913775e-10,4.123904494013748e-05,0.001953125
5509,2.608128915501721e-10,3.988438876134047e-05,0.001953125
5510,2.5974818404953084e-10,3.8610263945758585e-05,0.001953125
5511,2.5869192551330657e-10,3.7412816145105965e-05,0.001953125
5512,2.57643689841397e-10,3.6288319915387586e-05,0.001953125
5513,2.5660308858852313e-10,3.5233172262776105e-05,0.001953125
5514,2.555697675221178e-10,3.424388716341449e-05,0.001953125
5515,2.5454340349532926e-10,3.331709103496724e-05,0.001953125
5516,2.5352370160628803e-10,3.2449519118799644e-05,0.001953125
5517,2.525103926174313e-10,3.163801271244039e-05,0.001953125
5518,2.523917596247858e-10,6.851030570226363e-05,0.00390625
5519,2.512230551242112e-10,6.563399500800538e-05,0.001953125
5520,2.5007573532974734e-10,6.290575615261225e-05,0.001953125
5521,2.4894817651377856e-10,6.031900879395996e-05,0.001953125
5522,2.4783890230158586e-10,5.7867470568437976e-05,0.001953125
5523,2.4674657018587433e-10,5.554514034347908e-05,0.001953125
5524,2.456699592759128e-10,5.334628207881796e-05,0.001953125
5525,2.44607959168253e-10,5.126540929201042e-05,0.001953125
5526,2.4355955983634535e-10,4.929727013178386e-05,0.001953125
5527,2.4252384244576886e-10,4.743683307088183e-05,0.001953125
5528,2.4149997101033155e-10,4.5679273237919596e-05,0.001953125
5529,2.4048718481205866e-10,4.4019959415027194e-05,0.001953125
5530,2.3948479151513227e-10,4.2454441734306174e-05,0.001953125
5531,2.3849216091024937e-10,4.097844011091358e-05,0.001953125
5532,2.3750871923168107e-10,3.9587833453445506e-05,0.001953125
5533,2.3653394399460255e-10,3.8278649692780445e-05,0.001953125
5534,2.355673593050597e-10,3.7047056668281185e-05,0.001953125
5535,2.34608531599302e-10,3.588935390497809e-05,0.001953125
5536,2.3365706577317306e-10,3.480196530695601e-05,0.001953125
5537,2.3271260166584608e-10,3.3781432780727515e-05,0.001953125
5538,2.3177481086546495e-10,3.282441078820528e-05,0.001953125
5539,2.3084339380721864e-10,3.1927661812521893e-05,0.001953125
5540,2.299180771370759e-10,3.108805270213668e-05,0.001953125
5541,2.289986113168593e-10,3.030255184034172e-05,0.001953125
5542,2.289301330000632e-10,6.591845765613543e-05,0.00390625
5543,2.2786621229890905e-10,6.3144395586988e-05,0.001953125
5544,2.2682205648616628e-10,6.0512887257770116e-05,0.001953125
5545,2.2579615901718095e-10,5.80175957242078e-05,0.001953125
5546,2.2478715009320258e-10,5.565247175002982e-05,0.001953125
5547,2.2379378414653688e-10,5.3411737719613134e-05,0.001953125
5548,2.228149284714491e-10,5.128987213227016e-05,0.001953125
5549,2.2184955289592125e-10,4.9281594672043214e-05,0.001953125
5550,2.2089672039897015e-10,4.7381851854474756e-05,0.001953125
5551,2.1995557858695827e-10,4.558580325953508e-05,0.001953125
5552,2.1902535195025348e-10,4.3888808367451316e-05,0.001953125
5553,2.1810533482879536e-10,4.228641402126827e-05,0.001953125
5554,2.1719488502166554e-10,4.077434254620022e-05,0.001953125
5555,2.1629341798170168e-10,3.934848056077979e-05,0.001953125
5556,2.1540040154159314e-10,3.80048685180319e-05,0.001953125
5557,2.145153511227995e-10,3.673969101596675e-05,0.001953125
5558,2.1363782538308844e-10,3.554926791521775e-05,0.001953125
5559,2.1276742226253633e-10,3.44300462973626e-05,0.001953125
5560,2.119037753915106e-10,3.33785932902152e-05,0.001953125
5561,2.1104655082749473e-10,3.239158977619248e-05,0.001953125
5562,2.1019544409064813e-10,3.146582498698438e-05,0.001953125
5563,2.093501774707521e-10,3.059819197264227e-05,0.001953125
5564,2.0851049758069504e-10,2.978568391651774e-05,0.001953125
5565,2.076761731339263e-10,2.9025391250072763e-05,0.001953125
5566,2.0765036377322743e-10,6.34262412618406e-05,0.00390625
5567,2.0668176034618758e-10,6.075085503180092e-05,0.001953125
5568,2.0573142608763167e-10,5.8212710637767535e-05,0.001953125
5569,2.0479796317228078e-10,5.580570535772426e-05,0.001953125
5570,2.0388010067732183e-10,5.35240142406682e-05,0.001953125
5571,2.0297668296832414e-10,5.1362074653831837e-05,0.001953125
5572,2.02086659148441e-10,4.9314571386093173e-05,0.001953125
5573,2.0120907347354942e-10,4.737642229996211e-05,0.001953125
5574,2.003430566448934e-10,4.5542764531710854e-05,0.001953125
5575,1.9948781789889407e-10,4.380894124655216e-05,0.001953125
5576,1.9864263782114247e-10,4.217048896303003e-05,0.001953125
5577,1.9780686181827578e-10,4.0623125467677826e-05,0.001953125
5578,1.9697989418750448e-10,3.9162738347169065e-05,0.001953125
5579,1.96161192729075e-10,3.778537417023904e-05,0.001953125
5580,1.953502638519602e-10,3.648722835517322e-05,0.001953125
5581,1.9454665812762152e-10,3.5264635760223e-05,0.001953125
5582,1.9374996625082065e-10,3.411406203354546e-05,0.001953125
5583,1.9295981537021425e-10,3.3032095755874006e-05,0.001953125
5584,1.921758657548774e-10,3.201544140293521e-05,0.001953125
5585,1.9139780776600002e-10,3.1060913145620246e-05,0.001953125
5586,1.9062535910581784e-10,3.0165429494272795e-05,0.001953125
5587,1.8985826231839528e-10,2.9326008779550973e-05,0.001953125
5588,1.8909628251920352e-10,2.853976544674636e-05,0.001953125
5589,1.8833920533254668e-10,2.780390712396149e-05,0.001953125
5590,1.8758683501780673e-10,2.7115732408055174e-05,0.001953125
5591,1.8746758689056156e-10,5.844957886292658e-05,0.00390625
5592,1.8660258273426043e-10,5.600154567450063e-05,0.001953125
5593,1.8575316953520795e-10,5.367976360330548e-05,0.001953125
5594,1.8491816810342833e-10,5.1478623490313704e-05,0.001953125
5595,1.8409650623840922e-10,4.9392769491414676e-05,0.001953125
5596,1.832872089377037e-10,4.741708476678752e-05,0.001953125
5597,1.8248938950194688e-10,4.554667769360795e-05,0.001953125
5598,1.8170224145421756e-10,4.377686859994498e-05,0.001953125
5599,1.8092503119919026e-10,4.2103177024667596e-05,0.001953125
5600,1.801570913543469e-10,4.052130951513431e-05,0.001953125
5601,1.7939781469171993e-10,3.902714798111475e-05,0.001953125
5602,1.786466486342713e-10,3.761673862947097e-05,0.001953125
5603,1.7790309025612783e-10,3.628628150923889e-05,0.001953125
5604,1.7716668174054527e-10,3.5032120700502625e-05,0.001953125
5605,1.76437006253693e-10,3.3850735182444385e-05,0.001953125
5606,1.757136841961914e-10,3.2738730415811355e-05,0.001953125
5607,1.74996369797817e-10,3.1692830672460403e-05,0.001953125
5608,1.7428474802395698e-10,3.070987213942431e-05,0.001953125
5609,1.7357853176527286e-10,2.978679681703269e-05,0.001953125
5610,1.7287745928464372e-10,2.8920647220137667e-05,0.001953125
5611,1.7218129189783496e-10,2.810856187875346e-05,0.001953125
5612,1.7148981186649405e-10,2.734777161993012e-05,0.001953125
5613,1.708028204840347e-10,2.6635596597134083e-05,0.001953125
5614,1.7012013633674975e-10,2.5969444017628652e-05,0.001953125
5615,1.7004038784941136e-10,5.6236927113786893e-05,0.00390625
5616,1.6925299544077794e-10,5.387586257908296e-05,0.001953125
5617,1.6848001191252521e-10,5.163634378400828e-05,0.001953125
5618,1.6772034318100698e-10,4.9512969202438774e-05,0.001953125
5619,1.6697299445053214e-10,4.750058191028618e-05,0.001953125
5620,1.66237061126709e-10,4.559425583841427e-05,0.001953125
5621,1.655117205616838e-10,4.378928252520977e-05,0.001953125
5622,1.647962245551126e-10,4.208115836513069e-05,0.001953125
5623,1.64089892541676e-10,4.046557235615232e-05,0.001953125
5624,1.6339210540228232e-10,3.893839435567367e-05,0.001953125
5625,1.6270229984185894e-10,3.749566386089427e-05,0.001953125
5626,1.620199632818592e-10,3.613357933563073e-05,0.001953125
5627,1.613446292203609e-10,3.4848488110674034e-05,0.001953125
5628,1.6067587301694807e-10,3.363687688871972e-05,0.001953125
5629,1.600133080634844e-10,3.249536288725282e-05,0.001953125
5630,1.5935658230545095e-10,3.1420685653172694e-05,0.001953125
5631,1.5870537508175125e-10,3.0409699581090645e-05,0.001953125
5632,1.5805939425382848e-10,2.94593671629065e-05,0.001953125
5633,1.574183735976071e-10,2.8566752989379078e-05,0.001953125
5634,1.5678207043419635e-10,2.772901851501966e-05,0.001953125
5635,1.5615026347749683e-10,2.6943417586010105e-05,0.001953125
5636,1.5552275087885187e-10,2.6207292717417357e-05,0.001953125
5637,1.548993484507042e-10,2.5518072091360552e-05,0.001953125
5638,1.5427988805286868e-10,2.4873267232743106e-05,0.001953125
5639,1.542339168429653e-10,5.410940780741044e-05,0.00390625
5640,1.5351712020052253e-10,5.183227597970979e-05,0.001953125
5641,1.5281364102181403e-10,4.9672160326770436e-05,0.001953125
5642,1.5212246418219665e-10,4.7623859116606734e-05,0.001953125
5643,1.5144266669787718e-10,4.568240678839255e-05,0.001953125
5644,1.507734092932742e-10,4.384306074723326e-05,0.001953125
5645,1.5011392874039898e-10,4.2101288636361295e-05,0.001953125
5646,1.4946353089957474e-10,4.0452756081710544e-05,0.001953125
5647,1.4882158439728533e-10,3.889331491006522e-05,0.001953125
5648,1.4818751488282175e-10,3.7418991848309864e-05,0.001953125
5649,1.4756079981073684e-10,3.602597771751453e-05,0.001953125
5650,1.469409637009683e-10,3.471061714140668e-05,0.001953125
5651,1.4632757383289893e-10,3.3469398793895124e-05,0.001953125
5652,1.4572023633362525e-10,3.229894621437387e-05,0.001953125
5653,1.4511859262434424e-10,3.119600922218044e-05,0.001953125
5654,1.4452231619207142e-10,3.015745596246147e-05,0.001953125
5655,1.4393110965690515e-10,2.9180265614496362e-05,0.001953125
5656,1.4334470210777944e-10,2.826152179001479e-05,0.001953125
5657,1.4276284668212419e-10,2.7398406643095533e-05,0.001953125
5658,1.421853183671027e-10,2.6588195704879877e-05,0.001953125
5659,1.4161191200214044e-10,2.5828253445766846e-05,0.001953125
5660,1.4104244046431615e-10,2.5116029555355635e-05,0.001953125
5661,1.4047673301987416e-10,2.444905591670825e-05,0.001953125
5662,1.3991463382664865e-10,2.3824944237214938e-05,0.001953125
5663,1.3989739756402555e-10,5.206367071935063e-05,0.00390625
5664,1.392448188500436e-10,4.986753879276365e-05,0.001953125
5665,1.3860454979840297e-10,4.778406273256265e-05,0.001953125
5666,1.3797564854062043e-10,4.58082330691443e-05,0.001953125
5667,1.3735725871644934e-10,4.3935268346975715e-05,0.001953125
5668,1.3674860164818605e-10,4.2160602440257954e-05,0.001953125
5669,1.3614896923142878e-10,4.047987232512202e-05,0.001953125
5670,1.3555771747669578e-10,3.8888906302100944e-05,0.001953125
5671,1.3497426064231562e-10,3.738371266851403e-05,0.001953125
5672,1.3439806590445602e-10,3.59604688464205e-05,0.001953125
5673,1.3382864851511573e-10,3.461551097775991e-05,0.001953125
5674,1.3326556740340423e-10,3.334532400395288e-05,0.001953125
5675,1.327084211795261e-10,3.214653225230154e-05,0.001953125
5676,1.3215684450460026e-10,3.101589055567795e-05,0.001953125
5677,1.3161050479282204e-10,2.995027593487851e-05,0.001953125
5678,1.3106909921554041e-10,2.8946679874309334e-05,0.001953125
5679,1.305323519796096e-10,2.8002201221043734e-05,0.001953125
5680,1.300000118549046e-10,2.711403973451381e-05,0.001953125
5681,1.2947184992818885e-10,2.6279490309020066e-05,0.001953125
5682,1.2894765756261094e-10,2.5495937883853445e-05,0.001953125
5683,1.2842724454400471e-10,2.4760853046267606e-05,0.001953125
5684,1.2791043739689022e-10,2.4071788321129617e-05,0.001953125
5685,1.2739707785463896e-10,2.3426375128294976e-05,0.001953125
5686,1.2688702146968953e-10,2.2822321375225425e-05,0.001953125
5687,1.263801363509915e-10,2.2257409638830917e-05,0.001953125
5688,1.262999251238573e-10,4.7978536364207145e-05,0.00390625
5689,1.2571714529828627e-10,4.596902981418016e-05,0.001953125
5690,1.2514487055654756e-10,4.406315731907055e-05,0.001953125
5691,1.2458230634885492e-10,4.2256314556958467e-05,0.001953125
5692,1.2402873021606491e-10,4.054410514498679e-05,0.001953125
5693,1.2348348519212806e-10,3.8922328892545994e-05,0.001953125
5694,1.229459738105535e-10,3.738697048401795e-05,0.001953125
5695,1.2241565265958852e-10,3.593418858931029e-05,0.001953125
5696,1.2189202743587643e-10,3.456030540612888e-05,0.001953125
5697,1.2137464845095564e-10,3.326179664364276e-05,0.001953125
5698,1.208631065491413e-10,3.2035281962676685e-05,0.001953125
5699,1.2035702939912622e-10,3.087751589255621e-05,0.001953125
5700,1.198560781250864e-10,2.978537924892876e-05,0.001953125
5701,1.1935994424620807e-10,2.8755871079965352e-05,0.001953125
5702,1.1886834689639993e-10,2.7786101169984125e-05,0.001953125
5703,1.1838103029853884e-10,2.6873283129423252e-05,0.001953125
5704,1.1789776146994544e-10,2.601472809797627e-05,0.001953125
5705,1.174183281379205e-10,2.520783908342374e-05,0.001953125
5706,1.1694253684610974e-10,2.4450105952205744e-05,0.001953125
5707,1.1647021123422716e-10,2.3739101079178343e-05,0.001953125
5708,1.1600119047526466e-10,2.3072475653541682e-05,0.001953125
5709,1.1553532785577011e-10,2.2447956626037066e-05,0.001953125
5710,1.150724894860956e-10,2.1863344269749566e-05,0.001953125
5711,1.1461255312871653e-10,2.1316510313900533e-05,0.001953125
5712,1.1455894419582782e-10,4.6162280868916445e-05,0.00390625
5713,1.140284535485876e-10,4.422416418938732e-05,0.001953125
5714,1.1350767151428641e-10,4.2385819127050214e-05,0.001953125
5715,1.1299586088859665e-10,4.064281179625746e-05,0.001953125
5716,1.124923513684751e-10,3.8990909098173196e-05,0.001953125
5717,1.1199653342947666e-10,3.742606743654306e-05,0.001953125
5718,1.1150785276360807e-10,3.594442184358881e-05,0.001953125
5719,1.110258052264021e-10,3.4542275513001216e-05,0.001953125
5720,1.1054993224659207e-10,3.321608974241995e-05,0.001953125
5721,1.1007981665603427e-10,3.196247429324104e-05,0.001953125
5722,1.0961507890140357e-10,3.077817818088517e-05,0.001953125
5723,1.0915537360270984e-10,2.9660080913552087e-05,0.001953125
5724,1.087003864268826e-10,2.8605184201699658e-05,0.001953125
5725,1.0824983124757911e-10,2.761060416371498e-05,0.001953125
5726,1.078034475650108e-10,2.6673564055175282e-05,0.001953125
5727,1.0736099816198289e-10,2.5791387549430425e-05,0.001953125
5728,1.069222669745217e-10,2.496149259572126e-05,0.001953125
5729,1.0648705715744275e-10,2.4181385877500198e-05,0.001953125
5730,1.0605518932701318e-10,2.344865788796686e-05,0.001953125
5731,1.0562649996449434e-10,2.2760978632131284e-05,0.001953125
5732,1.0520083996583622e-10,2.2116093955175586e-05,0.001953125
5733,1.0477807332414251e-10,2.151182248586386e-05,0.001953125
5734,1.0435807593275137e-10,2.094605317175453e-05,0.001953125
5735,1.0394073449788876e-10,2.0416743370621707e-05,0.001953125
5736,1.0390987327955929e-10,4.4415905956188765e-05,0.00390625
5737,1.0342694496775743e-10,4.2546687017707896e-05,0.001953125
5738,1.0295298988348624e-10,4.077352157571648e-05,0.001953125
5739,1.0248732402575139e-10,3.909213974641733e-05,0.001953125
5740,1.0202932547904711e-10,3.7498465512071496e-05,0.001953125
5741,1.0157842873135431e-10,3.59886058815501e-05,0.001953125
5742,1.0113411951233336e-10,3.455884044276525e-05,0.001953125
5743,1.0069593010408617e-10,3.3205611302831514e-05,0.001953125
5744,1.0026343508122279e-10,3.192551341693145e-05,0.001953125
5745,9.983624744092853e-11,3.07152853120551e-05,0.001953125
5746,9.941401508732581e-11,2.9571800216878643e-05,0.001953125
5747,9.899641763769447e-11,2.8492057613823096e-05,0.001953125
5748,9.858316352108331e-11,2.747317523353264e-05,0.001953125
5749,9.817398734254361e-11,2.651238151534782e-05,0.001953125
5750,9.776864748866645e-11,2.560700855952377e-05,0.001953125
5751,9.736692395233176e-11,2.47544855976665e-05,0.001953125
5752,9.69686163565997e-11,2.3952333006876774e-05,0.001953125
5753,9.657354215951224e-11,2.3198156890208782e-05,0.001953125
5754,9.618153502324236e-11,2.2489644241171733e-05,0.001953125
5755,9.579244333254435e-11,2.1824558703148114e-05,0.001953125
5756,9.540612884883622e-11,2.120073692593254e-05,0.001953125
5757,9.502246548749695e-11,2.0616085511417605e-05,0.001953125
5758,9.464133820709765e-11,2.0068578529215695e-05,0.001953125
5759,9.426264200031925e-11,1.9556255571276412e-05,0.001953125
5760,9.425113201728291e-11,4.27366616302086e-05,0.00390625
5761,9.381146913018526e-11,4.093393296970332e-05,0.001953125
5762,9.338010042393813e-11,3.9223678620257794e-05,0.001953125
5763,9.295639125825187e-11,3.760178651750695e-05,0.001953125
5764,9.253976460919986e-11,3.6064331767142024e-05,0.001953125
5765,9.21296957961822e-11,3.460756623303542e-05,0.001953125
5766,9.172570769164291e-11,3.322790850009856e-05,0.001953125
5767,9.132736636934318e-11,3.192193420673029e-05,0.001953125
5768,9.09342771510398e-11,3.0686366746549326e-05,0.001953125
5769,9.054608101509369e-11,2.9518068344046857e-05,0.001953125
5770,9.016245133387272e-11,2.8414031513687262e-05,0.001953125
5771,8.978309090984708e-11,2.737137091662841e-05,0.001953125
5772,8.940772928303095e-11,2.6387315633391517e-05,0.001953125
5773,8.903612028492805e-11,2.54592018742179e-05,0.001953125
5774,8.86680398164129e-11,2.4584466151223196e-05,0.001953125
5775,8.830328382904602e-11,2.3760638937518426e-05,0.001953125
5776,8.794166649119818e-11,2.298533883795761e-05,0.001953125
5777,8.758301852206379e-11,2.2256267293893743e-05,0.001953125
5778,8.722718567819295e-11,2.1571203840159325e-05,0.001953125
5779,8.68740273785784e-11,2.09280019264255e-05,0.001953125
5780,8.652341545561278e-11,2.0324585307252376e-05,0.001953125
5781,8.617523302039186e-11,1.9758944995779944e-05,0.001953125
5782,8.582937343189573e-11,1.922913676551897e-05,0.001953125
5783,8.548573936053708e-11,1.8733279173598205e-05,0.001953125
5784,8.51442419374374e-11,1.826955206771267e-05,0.001953125
5785,8.509028869509075e-11,3.938334541810582e-05,0.00390625
5786,8.469765205448803e-11,3.773381035868571e-05,0.001953125
5787,8.431209366988305e-11,3.616934399074044e-05,0.001953125
5788,8.393307816582673e-11,3.46861668207198e-05,0.001953125
5789,8.356011874231475e-11,3.3280670046378495e-05,0.001953125
5790,8.319277272928846e-11,3.194940591445462e-05,0.001953125
5791,8.283063754812667e-11,3.0689078430935605e-05,0.001953125
5792,8.247334704286718e-11,2.9496534422452933e-05,0.001953125
5793,8.212056814730851e-11,2.836875495203849e-05,0.001953125
5794,8.17719978572408e-11,2.7302847097159796e-05,0.001953125
5795,8.142736047987074e-11,2.629603610245033e-05,0.001953125
5796,8.108640513506262e-11,2.5345657923647602e-05,0.001953125
5797,8.074890348534102e-11,2.4449152182698937e-05,0.001953125
5798,8.041464767371148e-11,2.3604055556525763e-05,0.001953125
5799,8.008344845027276e-11,2.2807995623282224e-05,0.001953125
5800,7.975513347033648e-11,2.205868518985326e-05,0.001953125
5801,7.942954574835215e-11,2.1353917122604227e-05,0.001953125
5802,7.91065422533731e-11,2.0691559699884783e-05,0.001953125
5803,7.878599263310493e-11,2.0069552499465795e-05,0.001953125
5804,7.846777805476459e-11,1.9485902827030716e-05,0.001953125
5805,7.81517901520555e-11,1.8938682683263172e-05,0.001953125
5806,7.78379300685438e-11,1.8426026257314258e-05,0.001953125
5807,7.75261075886096e-11,1.794612792395989e-05,0.001953125
5808,7.721624034795609e-11,1.7497240711127035e-05,0.001953125
5809,7.718020326741561e-11,3.789247184067241e-05,0.00390625
5810,7.682279529076204e-11,3.630153851169948e-05,0.001953125
5811,7.647192891643905e-11,3.47925033687832e-05,0.001953125
5812,7.612710740891587e-11,3.336172682164725e-05,0.001953125
5813,7.578787911146145e-11,3.200573410016307e-05,0.001953125
5814,7.545383332061292e-11,3.072120599174146e-05,0.001953125
5815,7.51245965383418e-11,2.9504969915361606e-05,0.001953125
5816,7.47998290673384e-11,2.8353991329746395e-05,0.001953125
5817,7.447922191800147e-11,2.7265365477637867e-05,0.001953125
5818,7.416249399859517e-11,2.6236309472601528e-05,0.001953125
5819,7.384938956264908e-11,2.5264154739132763e-05,0.001953125
5820,7.353967589004943e-11,2.434633982085462e-05,0.001953125
5821,7.323314118042735e-11,2.3480403575055775e-05,0.001953125
5822,7.292959263940681e-11,2.2663978774468738e-05,0.001953125
5823,7.262885474005613e-11,2.1894786138774985e-05,0.001953125
5824,7.233076764350252e-11,2.1170628818599986e-05,0.001953125
5825,7.203518576413765e-11,2.048938735351782e-05,0.001953125
5826,7.174197646617701e-11,1.9849015122675772e-05,0.001953125
5827,7.145101887954692e-11,1.924753430201156e-05,0.001953125
5828,7.116220282417435e-11,1.8683032335717685e-05,0.001953125
5829,7.08754278327556e-11,1.815365892177803e-05,0.001953125
5830,7.059060226298713e-11,1.7657623502357113e-05,0.001953125
5831,7.030764249106854e-11,1.719319323997744e-05,0.001953125
5832,7.002647217903672e-11,1.675869145028532e-05,0.001953125
5833,7.000575481803907e-11,3.64589594251017e-05,0.00390625
5834,6.968039091258006e-11,3.4924582102537836e-05,0.001953125
5835,6.936107311425968e-11,3.346905092417663e-05,0.001953125
5836,6.904734053646319e-11,3.208886092134393e-05,0.001953125
5837,6.873877412644096e-11,3.0780666264392175e-05,0.001953125
5838,6.843499283671483e-11,2.9541271365191298e-05,0.001953125
5839,6.813565014699702e-11,2.8367622301282026e-05,0.001953125
5840,6.78404309045314e-11,2.7256798558280067e-05,0.001953125
5841,6.754904845370479e-11,2.6206005091323894e-05,0.001953125
5842,6.726124202844458e-11,2.521256471062354e-05,0.001953125
5843,6.697677438334435e-11,2.427391080035087e-05,0.001953125
5844,6.669542964166063e-11,2.3387580384031777e-05,0.001953125
5845,6.641701134032631e-11,2.2551207553048165e-05,0.001953125
5846,6.614134065394318e-11,2.1762517277596797e-05,0.001953125
5847,6.586825478136709e-11,2.101931962123865e-05,0.001953125
5848,6.559760548000066e-11,2.0319504380768122e-05,0.001953125
5849,6.532925773427013e-11,1.966103617232615e-05,0.001953125
5850,6.506308854600135e-11,1.9041949982318185e-05,0.001953125
5851,6.479898583553518e-11,1.8460347197695598e-05,0.001953125
5852,6.453684744344334e-11,1.7914392124535582e-05,0.001953125
5853,6.427658022363478e-11,1.7402308996740498e-05,0.001953125
5854,6.401809921948538e-11,1.6922379468325525e-05,0.001953125
5855,6.376132691539017e-11,1.6472940573540858e-05,0.001953125
5856,6.350619255683273e-11,1.605238312944753e-05,0.001953125
5857,6.349850707019837e-11,3.508055086680804e-05,0.00390625
5858,6.320229229838937e-11,3.36007533276597e-05,0.001953125
5859,6.291166609873378e-11,3.2196863936765905e-05,0.001953125
5860,6.262620084433414e-11,3.086550727223596e-05,0.001953125
5861,6.23455077308137e-11,2.960346155458296e-05,0.001953125
5862,6.206923322328804e-11,2.8407650100187388e-05,0.001953125
5863,6.179705582862121e-11,2.727513308235068e-05,0.001953125
5864,6.152868316318562e-11,2.6203099595711882e-05,0.001953125
5865,6.126384928907161e-11,2.5188860023769628e-05,0.001953125
5866,6.100231229416947e-11,2.4229838713308502e-05,0.001953125
5867,6.074385209379639e-11,2.332356696354425e-05,0.001953125
5868,6.048826843358586e-11,2.2467676341614167e-05,0.001953125
5869,6.023537907521302e-11,2.1659892339453065e-05,0.001953125
5870,5.99850181482169e-11,2.0898028389893113e-05,0.001953125
5871,5.973703465271309e-11,2.017998026177521e-05,0.001953125
5872,5.949129109918227e-11,1.950372085473051e-05,0.001953125
5873,5.924766227278509e-11,1.8867295413874617e-05,0.001953125
5874,5.900603411080255e-11,1.826881718278922e-05,0.001953125
5875,5.876630268284501e-11,1.77064635097497e-05,0.001953125
5876,5.852837326442122e-11,1.7178472417183447e-05,0.001953125
5877,5.82921594953198e-11,1.6683139637909565e-05,0.001953125
5878,5.8057582615038484e-11,1.621881611402713e-05,0.001953125
5879,5.7824570768207296e-11,1.5783905945709938e-05,0.001953125
5880,5.759305837359745e-11,1.537686476805288e-05,0.001953125
5881,5.736298555089442e-11,1.4996198524994192e-05,0.001953125
5882,5.7326694568202915e-11,3.2327953609525936e-05,0.00390625
5883,5.706216322170742e-11,3.09739068114443e-05,0.001953125
5884,5.6802401157296636e-11,2.9689689204896058e-05,0.001953125
5885,5.6547047633735084e-11,2.8472198363126287e-05,0.001953125
5886,5.629577464044057e-11,2.731847197505193e-05,0.001953125
5887,5.604828390205929e-11,2.6225679930404674e-05,0.001953125
5888,5.580430415727573e-11,2.519111669428204e-05,0.001953125
5889,5.556358868675041e-11,2.4212193969903603e-05,0.001953125
5890,5.532591306737733e-11,2.3286433652219843e-05,0.001953125
5891,5.509107313214074e-11,2.241146107886639e-05,0.001953125
5892,5.485888311674819e-11,2.158499858864922e-05,0.001953125
5893,5.4629173975939963e-11,2.0804859401109744e-05,0.001953125
5894,5.440179185394058e-11,2.0068941833548937e-05,0.001953125
5895,5.4176596694940256e-11,1.9375223873968517e-05,0.001953125
5896,5.395346098078621e-11,1.8721758129492723e-05,0.001953125
5897,5.373226858423747e-11,1.8106667169761798e-05,0.001953125
5898,5.35129137272029e-11,1.752813928336796e-05,0.001953125
5899,5.329530003435119e-11,1.698442466252641e-05,0.001953125
5900,5.307933967336106e-11,1.6473832026806437e-05,0.001953125
5901,5.2864952573879596e-11,1.599472569095694e-05,0.001953125
5902,5.265206571798287e-11,1.554552307482027e-05,0.001953125
5903,5.244061249559257e-11,1.5124692645320063e-05,0.001953125
5904,5.2230532118901785e-11,1.4730752271912779e-05,0.001953125
5905,5.202176909040739e-11,1.4362267968166237e-05,0.001953125
5906,5.199754431511458e-11,3.110416982316446e-05,0.00390625
5907,5.175674749278218e-11,2.9798227367937183e-05,0.001953125
5908,5.15203583609661e-11,2.8559511575653786e-05,0.001953125
5909,5.128804221437725e-11,2.738503485970363e-05,0.001953125
5910,5.105949472230314e-11,2.6271944929618187e-05,0.001953125
5911,5.083443914878048e-11,2.5217517187901727e-05,0.001953125
5912,5.061262382726463e-11,2.421914740317955e-05,0.001953125
5913,5.039381986649585e-11,2.3274344657613638e-05,0.001953125
5914,5.017781906639563e-11,2.2380724570183643e-05,0.001953125
5915,4.9964432024764476e-11,2.1536002801104446e-05,0.001953125
5916,4.975348641731258e-11,2.073798884621749e-05,0.001953125
5917,4.954482543515445e-11,1.99845801334903e-05,0.001953125
5918,4.933830636535114e-11,1.9273756436598692e-05,0.001953125
5919,4.913379930140371e-11,1.860357462274386e-05,0.001953125
5920,4.89311859718006e-11,1.797216375316011e-05,0.001953125
5921,4.873035867581081e-11,1.7377720554997582e-05,0.001953125
5922,4.853121931670407e-11,1.681850528224599e-05,0.001953125
5923,4.8333678523478536e-11,1.6292837980979487e-05,0.001953125
5924,4.8137654852992717e-11,1.579909517039832e-05,0.001953125
5925,4.794307406514061e-11,1.5335706945959083e-05,0.001953125
5926,4.7749868464382606e-11,1.4901154504460719e-05,0.001953125
5927,4.7557976301557193e-11,1.449396808353089e-05,0.001953125
5928,4.736734123045459e-11,1.4112725299877232e-05,0.001953125
5929,4.7177911814138755e-11,1.3756049862349225e-05,0.001953125
5930,4.716400428459015e-11,2.9927470688590924e-05,0.00390625
5931,4.694479644630791e-11,2.866795329473748e-05,0.001953125
5932,4.6729662438931354e-11,2.7473157276823376e-05,0.001953125
5933,4.6518291712514704e-11,2.634020555294113e-05,0.001953125
5934,4.631040190521725e-11,2.5266351673796046e-05,0.001953125
5935,4.610573626355585e-11,2.4248972519228477e-05,0.001953125
5936,4.5904061298836674e-11,2.3285561258763208e-05,0.001953125
5937,4.570516465814331e-11,2.2373720573380624e-05,0.001953125
5938,4.55088531902381e-11,2.1511156139154823e-05,0.001953125
5939,4.5314951188531766e-11,2.0695670376904607e-05,0.001953125
5940,4.512329879491033e-11,1.9925156475436547e-05,0.001953125
5941,4.4933750549692465e-11,1.9197592699177758e-05,0.001953125
5942,4.47461740743385e-11,1.851103699382591e-05,0.001953125
5943,4.45604488747575e-11,1.7863621905893782e-05,0.001953125
5944,4.437646525417123e-11,1.725354983349325e-05,0.001953125
5945,4.4194123325504735e-11,1.667908862619419e-05,0.001953125
5946,4.401333211419182e-11,1.6138567551134772e-05,0.001953125
5947,4.3834008743117535e-11,1.563037364062188e-05,0.001953125
5948,4.365607769217781e-11,1.5152948433177535e-05,0.001953125
5949,4.3479470125624985e-11,1.4704785115373181e-05,0.001953125
5950,4.330412328099318e-11,1.4284426065956322e-05,0.001953125
5951,4.312997991396564e-11,1.3890460796919967e-05,0.001953125
5952,4.29569877940626e-11,1.352152427859618e-05,0.001953125
5953,4.278509924649677e-11,1.3176295627953285e-05,0.001953125
5954,4.277996788593275e-11,2.8796003321529148e-05,0.00390625
5955,4.258039863898304e-11,2.758128875967587e-05,0.001953125
5956,4.238459494035767e-11,2.642888390206737e-05,0.001953125
5957,4.219226865082809e-11,2.533601800585033e-05,0.001953125
5958,4.200315779019479e-11,2.4300046448709345e-05,0.001953125
5959,4.1817024143218735e-11,2.331844371348458e-05,0.001953125
5960,4.163365108473292e-11,2.238879662526687e-05,0.001953125
5961,4.145284160386764e-11,2.1508797837495812e-05,0.001953125
5962,4.1274416509159924e-11,2.0676239566844227e-05,0.001953125
5963,4.1098212797986825e-11,1.988900758000213e-05,0.001953125
5964,4.092408217527822e-11,1.9145075438769347e-05,0.001953125
5965,4.075188970784223e-11,1.8442499012995023e-05,0.001953125
5966,4.058151260188748e-11,1.7779411273705244e-05,0.001953125
5967,4.041283909246339e-11,1.715401738105735e-05,0.001953125
5968,4.0245767434571797e-11,1.656459008336083e-05,0.001953125
5969,4.0080204986642016e-11,1.6009465444121035e-05,0.001953125
5970,3.99160673779129e-11,1.5487038913722135e-05,0.001953125
5971,3.975327775204015e-11,1.4995761760834712e-05,0.001953125
5972,3.959176607995028e-11,1.4534137875831154e-05,0.001953125
5973,3.943146853560141e-11,1.4100720954411609e-05,0.001953125
5974,3.9272326928891783e-11,1.3694112064363802e-05,0.001953125
5975,3.9114288190483773e-11,1.3312957592074907e-05,0.001953125
5976,3.89573039037906e-11,1.295594755834803e-05,0.001953125
5977,3.880132987980768e-11,1.262181428559651e-05,0.001953125
5978,3.864632577086633e-11,1.2309331391002381e-05,0.001953125
5979,3.8621915157375976e-11,2.6536511169961812e-05,0.00390625
5980,3.844369227587653e-11,2.542502055976616e-05,0.001953125
5981,3.826868290511745e-11,2.4370849697956444e-05,0.001953125
5982,3.809664397411138e-11,2.3371451933333794e-05,0.001953125
5983,3.792735446613463e-11,2.242439563169717e-05,0.001953125
5984,3.776061340037774e-11,2.152735767896779e-05,0.001953125
5985,3.759623799837846e-11,2.0678117221863446e-05,0.001953125
5986,3.7434062018319736e-11,1.987454964513048e-05,0.001953125
5987,3.7273934241824256e-11,1.9114620787501577e-05,0.001953125
5988,3.7115717099284156e-11,1.839638140170381e-05,0.001953125
5989,3.6959285421042475e-11,1.771796186687276e-05,0.001953125
5990,3.6804525302904454e-11,1.7077567164489757e-05,0.001953125
5991,3.66513330755113e-11,1.6473472131283013e-05,0.001953125
5992,3.649961436806779e-11,1.5904017004240994e-05,0.001953125
5993,3.634928325778513e-11,1.5367603273794954e-05,0.001953125
5994,3.620026149719172e-11,1.4862689861169986e-05,0.001953125
5995,3.605247781218282e-11,1.4387789634739636e-05,0.001953125
5996,3.590586726433285e-11,1.3941466277858793e-05,0.001953125
5997,3.576037067158666e-11,1.352233151706636e-05,0.001953125
5998,3.561593408198544e-11,1.312904271479813e-05,0.001953125
5999,3.547250829557138e-11,1.2760300824972808e-05,0.001953125
6000,3.533004843006055e-11,1.241484870324193e-05,0.001953125
6001,3.518851352627666e-11,1.2091469756639468e-05,0.001953125
6002,3.5047866189705667e-11,1.1788986910204051e-05,0.001953125
6003,3.50315819449059e-11,2.5531968074868034e-05,0.00390625
6004,3.486934966808474e-11,2.4459964827599553e-05,0.001953125
6005,3.4710087265426394e-11,2.34431450273502e-05,0.001953125
6006,3.455356920921314e-11,2.247905628989858e-05,0.001953125
6007,3.4399590438441295e-11,2.1565357291753856e-05,0.001953125
6008,3.424796448574372e-11,2.0699811529129327e-05,0.001953125
6009,3.409852177579508e-11,1.988028130372206e-05,0.001953125
6010,3.395110807949987e-11,1.910472193361126e-05,0.001953125
6011,3.380558310970112e-11,1.8371176190582426e-05,0.001953125
6012,3.366181924545299e-11,1.767776896819909e-05,0.001953125
6013,3.351970037308714e-11,1.7022702187871624e-05,0.001953125
6014,3.3379120833379725e-11,1.6404249952878823e-05,0.001953125
6015,3.323998446510562e-11,1.5820753962630387e-05,0.001953125
6016,3.310220373615513e-11,1.5270619201246335e-05,0.001953125
6017,3.29656989541966e-11,1.4752309915600983e-05,0.001953125
6018,3.283039754960251e-11,1.4264345898167923e-05,0.001953125
6019,3.269623342402283e-11,1.3805299089168504e-05,0.001953125
6020,3.256314635859577e-11,1.3373790510569519e-05,0.001953125
6021,3.24310814763357e-11,1.2968487541355063e-05,0.001953125
6022,3.2299988753738406e-11,1.2588101539244225e-05,0.001953125
6023,3.216982257709759e-11,1.2231385808754358e-05,0.001953125
6024,3.2040541339439124e-11,1.1897133909418347e-05,0.001953125
6025,3.19121070743546e-11,1.158417829133272e-05,0.001953125
6026,3.1784485123355806e-11,1.1291389238385442e-05,0.001953125
6027,3.177514914798831e-11,2.456607420455149e-05,0.00390625
6028,3.1627461971587884e-11,2.3532179841865742e-05,0.001953125
6029,3.1482519718146276e-11,2.2551412446217938e-05,0.001953125
6030,3.134011313604769e-11,2.1621410341633002e-05,0.001953125
6031,3.12000519671225e-11,2.0739919084659754e-05,0.001953125
6032,3.1062163208385804e-11,1.990478546934623e-05,0.001953125
6033,3.0926289532915976e-11,1.9113951748933857e-05,0.001953125
6034,3.079228785530366e-11,1.836545007196365e-05,0.001953125
6035,3.066002802843538e-11,1.765739713331956e-05,0.001953125
6036,3.052939165958762e-11,1.698798904360754e-05,0.001953125
6037,3.0400271034908354e-11,1.6355496423087087e-05,0.001953125
6038,3.027256814236273e-11,1.575825972901411e-05,0.001953125
6039,3.0146193784128324e-11,1.5194684827577339e-05,0.001953125
6040,3.00210667702506e-11,1.4663238823457934e-05,0.001953125
6041,2.989711318611901e-11,1.416244616124775e-05,0.001953125
6042,2.977426572700518e-11,1.3690885013365604e-05,0.001953125
6043,2.965246309352371e-11,1.3247183968571671e-05,0.001953125
6044,2.953164944243756e-11,1.2830019033591176e-05,0.001953125
6045,2.9411773887741524e-11,1.243811095766579e-05,0.001953125
6046,2.9292790047420356e-11,1.2070222886065512e-05,0.001953125
6047,2.91746556317002e-11,1.1725158343804039e-05,0.001953125
6048,2.9057332068994203e-11,1.1401759545175832e-05,0.001953125
6049,2.8940784166091682e-11,1.1098906018521102e-05,0.001953125
6050,2.882497979945537e-11,1.0815513529139328e-05,0.001953125
6051,2.8821554034886765e-11,2.363730863880872e-05,0.00390625
6052,2.8687097929950635e-11,2.2640191515367987e-05,0.001953125
6053,2.8555179030195752e-11,2.1694221723708847e-05,0.001953125
6054,2.842560318456302e-11,2.0797124876742645e-05,0.001953125
6055,2.8298193868226464e-11,1.9946730116026714e-05,0.001953125
6056,2.8172790569444168e-11,1.9140964353222402e-05,0.001953125
6057,2.8049247324095165e-11,1.83778467187927e-05,0.001953125
6058,2.7927431384381258e-11,1.765548321508367e-05,0.001953125
6059,2.78072220094105e-11,1.6972061573607723e-05,0.001953125
6060,2.76885093665039e-11,1.6325846319079728e-05,0.001953125
6061,2.7571193533088235e-11,1.5715174045462576e-05,0.001953125
6062,2.7455183589966102e-11,1.5138448911847319e-05,0.001953125
6063,2.7340396797597337e-11,1.4594138368294335e-05,0.001953125
6064,2.722675784779193e-11,1.4080769123648336e-05,0.001953125
6065,2.7114198183910314e-11,1.359692336865542e-05,0.001953125
6066,2.7002655383298986e-11,1.3141235268299534e-05,0.001953125
6067,2.689207259626361e-11,1.271238773699828e-05,0.001953125
6068,2.678239803640359e-11,1.2309109509042827e-05,0.001953125
6069,2.6673584517605642e-11,1.1930172514368353e-05,0.001953125
6070,2.6565589033424777e-11,1.1574389566393673e-05,0.001953125
6071,2.6458372374971947e-11,1.1240612364336963e-05,0.001953125
6072,2.6351898783782978e-11,1.0927729807240195e-05,0.001953125
6073,2.624613563646618e-11,1.063466661113637e-05,0.001953125
6074,2.6141053158219214e-11,1.036038221465471e-05,0.001953125
6075,2.603662416257212e-11,1.0103869952213662e-05,0.001953125
6076,2.602020475652476e-11,2.1782585877988613e-05,0.00390625
6077,2.5900130534707652e-11,2.0870201330286967e-05,0.001953125
6078,2.5782221555190292e-11,2.000486807278812e-05,0.001953125
6079,2.566631403435415e-11,1.9184495666990696e-05,0.001953125
6080,2.5552259048979028e-11,1.8407088088598236e-05,0.001953125
6081,2.5439921176257552e-11,1.7670738394587487e-05,0.001953125
6082,2.5329177258318102e-11,1.69736235852607e-05,0.001953125
6083,2.5219915279856957e-11,1.6313999660463536e-05,0.001953125
6084,2.511203334852423e-11,1.5690196871744154e-05,0.001953125
6085,2.5005438768656288e-11,1.5100615174819857e-05,0.001953125
6086,2.4900047199808476e-11,1.454371988920613e-05,0.001953125
6087,2.4795781892324422e-11,1.4018037574129543e-05,0.001953125
6088,2.469257299288911e-11,1.3522152131754277e-05,0.001953125
6089,2.4590356913658453e-11,1.3054701150154152e-05,0.001953125
6090,2.4489075759144797e-11,1.2614372499209307e-05,0.001953125
6091,2.4388676805570656e-11,1.2199901192560317e-05,0.001953125
6092,2.4289112027887046e-11,1.1810066527798717e-05,0.001953125
6093,2.4190337670092646e-11,1.144368951513681e-05,0.001953125
6094,2.4092313854889462e-11,1.1099630601860264e-05,0.001953125
6095,2.3995004229073608e-11,1.0776787695968559e-05,0.001953125
6096,2.389837564138962e-11,1.0474094487667487e-05,0.001953125
6097,2.3802397849876153e-11,1.019051906198422e-05,0.001953125
6098,2.370704325600305e-11,9.925062789985145e-06,0.001953125
6099,2.3612286663146966e-11,9.676759480197279e-06,0.001953125
6100,2.3601340215977723e-11,2.0958006534346857e-05,0.00390625
6101,2.3492039306353738e-11,2.0078035937991816e-05,0.001953125
6102,2.3384739479277678e-11,1.924336303591461e-05,0.001953125
6103,2.3279288771953846e-11,1.8451974769027797e-05,0.001953125
6104,2.3175549012276976e-11,1.7701949244818598e-05,0.001953125
6105,2.3073394556732585e-11,1.6991450614431132e-05,0.001953125
6106,2.297271114384418e-11,1.6318724135914936e-05,0.001953125
6107,2.287339485258861e-11,1.568209142225097e-05,0.001953125
6108,2.2775351156169524e-11,1.5079945875224132e-05,0.001953125
6109,2.2678494062418635e-11,1.451074830868595e-05,0.001953125
6110,2.2582745332893725e-11,1.397302276715404e-05,0.001953125
6111,2.2488033773468596e-11,1.3465352547916965e-05,0.001953125
6112,2.2394294589869597e-11,1.2986376436727739e-05,0.001953125
6113,2.2301468802212758e-11,1.2534785168637895e-05,0.001953125
6114,2.2209502713139855e-11,1.2109318126404347e-05,0.001953125
6115,2.2118347424646243e-11,1.1708760289057607e-05,0.001953125
6116,2.2027958399142696e-11,1.133193944253674e-05,0.001953125
6117,2.19382950607014e-11,1.097772366269172e-05,0.001953125
6118,2.1849320432807243e-11,1.0645019078393934e-05,0.001953125
6119,2.1761000809272146e-11,1.033276791900569e-05,0.001953125
6120,2.167330545527639e-11,1.0039946846133716e-05,0.001953125
6121,2.1586206335778625e-11,9.765565564592694e-06,0.001953125
6122,2.1499677868788975e-11,9.50866570206213e-06,0.001953125
6123,2.1413696701228898e-11,9.268319941315528e-06,0.001953125
6124,2.1407429646204018e-11,2.0165152233198853e-05,0.00390625
6125,2.1307928176250305e-11,1.9316464031292814e-05,0.001953125
6126,2.121027621901476e-11,1.8511385449641598e-05,0.001953125
6127,2.111433277869519e-11,1.774797788740011e-05,0.001953125
6128,2.1019969657476268e-11,1.7024390767792495e-05,0.001953125
6129,2.092707028427031e-11,1.6338856617124848e-05,0.001953125
6130,2.0835528650688358e-11,1.5689686321685212e-05,0.001953125
6131,2.0745248344424336e-11,1.5075264560634006e-05,0.001953125
6132,2.0656141671133848e-11,1.4494045415312111e-05,0.001953125
6133,2.0568128856705757e-11,1.3944548157752698e-05,0.001953125
6134,2.048113732256625e-11,1.3425353223495989e-05,0.001953125
6135,2.0395101027329215e-11,1.2935098375975052e-05,0.001953125
6136,2.030995986871863e-11,1.2472475071648416e-05,0.001953125
6137,2.0225659140245008e-11,1.2036225036572215e-05,0.001953125
6138,2.0142149037622896e-11,1.1625137066095276e-05,0.001953125
6139,2.0059384210375662e-11,1.1238044059693202e-05,0.001953125
6140,1.9977323354490375e-11,1.0873820302516071e-05,0.001953125
6141,1.989592884236472e-11,1.0531379003921701e-05,0.001953125
6142,1.981516638663163e-11,1.020967010105744e-05,0.001953125
6143,1.9735004734760097e-11,9.907678332447658e-06,0.001953125
6144,1.965541539161452e-11,9.624421582613794e-06,0.001953125
6145,1.9576372367412934e-11,9.358949494137947e-06,0.001953125
6146,1.9497851948758734e-11,9.110342338482682e-06,0.001953125
6147,1.9419832490633546e-11,8.877710131556558e-06,0.001953125
6148,1.941754559868692e-11,1.940277454348986e-05,0.00390625
6149,1.932695827382353e-11,1.8584275623473772e-05,0.001953125
6150,1.9238080503478016e-11,1.780776132817241e-05,0.001953125
6151,1.9150781466748466e-11,1.707136470821217e-05,0.001953125
6152,1.9064942219477063e-11,1.6373303797844585e-05,0.001953125
6153,1.8980454607293e-11,1.5711876888075518e-05,0.001953125
6154,1.88972202781677e-11,1.5085457969901694e-05,0.001953125
6155,1.8815149785371864e-11,1.4492492345307264e-05,0.001953125
6156,1.8734161772557645e-11,1.3931492405867519e-05,0.001953125
6157,1.8654182233447367e-11,1.3401033581050266e-05,0.001953125
6158,1.8575143839298172e-11,1.2899750460526057e-05,0.001953125
6159,1.8496985327937688e-11,1.2426333096907064e-05,0.001953125
6160,1.8419650948733625e-11,1.1979523497223714e-05,0.001953125
6161,1.834308995837644e-11,1.1558112312997073e-05,0.001953125
6162,1.8267256162823028e-11,1.1160935739845628e-05,0.001953125
6163,1.8192107501175184e-11,1.0786872638049494e-05,0.001953125
6164,1.811760566765373e-11,1.0434841885268727e-05,0.001953125
6165,1.8043715768180445e-11,1.0103799971583335e-05,0.001953125
6166,1.79704060083994e-11,9.79273884513746e-06,0.001953125
6167,1.7897647410259347e-11,9.500684013923758e-06,0.001953125
6168,1.782541355454233e-11,9.226692905689524e-06,0.001953125
6169,1.7753680346963055e-11,8.969853483700111e-06,0.001953125
6170,1.768242580568107e-11,8.729283111336341e-06,0.001953125
6171,1.761162986826535e-11,8.504127653464016e-06,0.001953125
6172,1.7541274216330404e-11,8.293560797469345e-06,0.001953125
6173,1.753022999833968e-11,1.7880310073720655e-05,0.00390625
6174,1.744933231189811e-11,1.713136486941982e-05,0.001953125
6175,1.7369893551413043e-11,1.6421042024295042e-05,0.001953125
6176,1.7291803357873746e-11,1.5747625585594337e-05,0.001953125
6177,1.7214961385364525e-11,1.5109477102519607e-05,0.001953125
6178,1.713927638469195e-11,1.4505031248713177e-05,0.001953125
6179,1.7064665370907145e-11,1.3932791604789656e-05,0.001953125
6180,1.6991052867042308e-11,1.3391326600238193e-05,0.001953125
6181,1.691837021708385e-11,1.287926561614918e-05,0.001953125
6182,1.684655496184335e-11,1.239529525234617e-05,0.001953125
6183,1.6775550271967905e-11,1.1938155764546287e-05,0.001953125
6184,1.6705304432858532e-11,1.1506637679033534e-05,0.001953125
6185,1.66357703767444e-11,1.1099578593895924e-05,0.001953125
6186,1.656690525759558e-11,1.0715860177029257e-05,0.001953125
6187,1.6498670064952337e-11,1.0354405371724418e-05,0.001953125
6188,1.6431029273108127e-11,1.0014175820618235e-05,0.001953125
6189,1.636395052240946e-11,9.694169518006168e-06,0.001953125
6190,1.629740432973237e-11,9.393418698927283e-06,0.001953125
6191,1.6231363825464216e-11,9.110987971020511e-06,0.001953125
6192,1.6165804514564175e-11,8.845972691952582e-06,0.001953125
6193,1.6100704059498058e-11,8.59749759132763e-06,0.001953125
6194,1.6036042083044678e-11,8.364715631562066e-06,0.001953125
6195,1.597179998915459e-11,8.146807097455854e-06,0.001953125
6196,1.5907960800208348e-11,7.942978899365553e-06,0.001953125
6197,1.5900602518081677e-11,1.7203454000312907e-05,0.00390625
6198,1.5826963109748443e-11,1.6481116403170475e-05,0.001953125
6199,1.5754672018264975e-11,1.5795961715360814e-05,0.001953125
6200,1.5683626849603987e-11,1.5146337501324025e-05,0.001953125
6201,1.5613734502052654e-11,1.4530666161531506e-05,0.001953125
6202,1.5544910315796348e-11,1.3947440727362602e-05,0.001953125
6203,1.547707730035908e-11,1.3395220808789603e-05,0.001953125
6204,1.541016543277262e-11,1.2872628693728193e-05,0.001953125
6205,1.534411101999889e-11,1.2378345599927634e-05,0.001953125
6206,1.5278856119723152e-11,1.1911108082306233e-05,0.001953125
6207,1.521434801417387e-11,1.1469704600610101e-05,0.001953125
6208,1.5150538732114604e-11,1.1052972254097383e-05,0.001953125
6209,1.508738461459764e-11,1.0659793691522101e-05,0.001953125
6210,1.5024845920472852e-11,1.0289094205897917e-05,0.001953125
6211,1.4962886468012022e-11,9.939839024245474e-06,0.001953125
6212,1.4901473309342345e-11,9.61103080265632e-06,0.001953125
6213,1.4840576434685128e-11,9.301707336446796e-06,0.001953125
6214,1.4780168503671105e-11,9.010939493859238e-06,0.001953125
6215,1.4720224601253355e-11,8.737829379667959e-06,0.001953125
6216,1.4660722015965882e-11,8.481508732184067e-06,0.001953125
6217,1.460164003848203e-11,8.241137553603456e-06,0.001953125
6218,1.4542959778614245e-11,8.015902969539911e-06,0.001953125
6219,1.4484663999066878e-11,7.805018309118316e-06,0.001953125
6220,1.4426736964408122e-11,7.607722392402789e-06,0.001953125
6221,1.4422530072246687e-11,1.655263928553462e-05,0.00390625
6222,1.4355492819642625e-11,1.5855980430026387e-05,0.001953125
6223,1.4289701757680662e-11,1.5195118818085673e-05,0.001953125
6224,1.4225061881998884e-11,1.456846313351151e-05,0.001953125
6225,1.4161486811655587e-11,1.3974494316508555e-05,0.001953125
6226,1.4098897999922271e-11,1.3411761524318247e-05,0.001953125
6227,1.4037224017329545e-11,1.2878878237863556e-05,0.001953125
6228,1.3976399900351011e-11,1.2374518512847432e-05,0.001953125
6229,1.3916366559715828e-11,1.1897413375652733e-05,0.001953125
6230,1.3857070242890704e-11,1.1446347366327402e-05,0.001953125
6231,1.3798462045772053e-11,1.1020155232837504e-05,0.001953125
6232,1.3740497469082941e-11,1.0617718782551164e-05,0.001953125
6233,1.3683136015382e-11,1.0237963898482695e-05,0.001953125
6234,1.3626340822966187e-11,9.87985772907186e-06,0.001953125
6235,1.3570078333289617e-11,9.542406061087147e-06,0.001953125
6236,1.3514317988830054e-11,9.224650885515871e-06,0.001953125
6237,1.3459031958615427e-11,8.925668165942644e-06,0.001953125
6238,1.340419488887807e-11,8.644565817849582e-06,0.001953125
6239,1.334978367653618e-11,8.380481905459739e-06,0.001953125
6240,1.3295777263412561e-11,8.132583060197037e-06,0.001953125
6241,1.3242156449292158e-11,7.900063121610986e-06,0.001953125
6242,1.3188903722093584e-11,7.682141997826477e-06,0.001953125
6243,1.3136003103587874e-11,7.4780647383947786e-06,0.001953125
6244,1.3083440009241042e-11,7.28710080805266e-06,0.001953125
6245,1.3081913511243134e-11,1.592684116812693e-05,0.00390625
6246,1.3020881968992378e-11,1.5254963746966488e-05,0.001953125
6247,1.296100231492139e-11,1.4617549681983642e-05,0.001953125
6248,1.2902186400613879e-11,1.4013066472407287e-05,0.001953125
6249,1.284435408033056e-11,1.344005137802825e-05,0.001953125
6250,1.2787432478605821e-11,1.2897107539170696e-05,0.001953125
6251,1.2731355324896857e-11,1.2382900236291817e-05,0.001953125
6252,1.2676062349146508e-11,1.1896153287280351e-05,0.001953125
6253,1.2621498732682917e-11,1.1435645582325767e-05,0.001953125
6254,1.2567614609389834e-11,1.1000207758071051e-05,0.001953125
6255,1.2514364612545108e-11,1.0588719014585004e-05,0.001953125
6256,1.2461707463146375e-11,1.0200104080420896e-05,0.001953125
6257,1.240960559592561e-11,9.833330332579318e-06,0.001953125
6258,1.2358024819602111e-11,9.487405079465084e-06,0.001953125
6259,1.2306934008239224e-11,9.16137301581548e-06,0.001953125
6260,1.225630482085722e-11,8.85431385897579e-06,0.001953125
6261,1.2206111446715392e-11,8.565340175713013e-06,0.001953125
6262,1.2156330373913285e-11,8.29359540791523e-06,0.001953125
6263,1.2106940179176144e-11,8.038252103977756e-06,0.001953125
6264,1.2057921336885076e-11,7.798510360424019e-06,0.001953125
6265,1.2009256045590085e-11,7.573596475392605e-06,0.001953125
6266,1.196092807040531e-11,7.3627618121375344e-06,0.001953125
6267,1.1912922599832462e-11,7.165281866783254e-06,0.001953125
6268,1.1865226115691499e-11,6.98045553044041e-06,0.001953125
6269,1.1817826274958545e-11,6.807604531647895e-06,0.001953125
6270,1.1810397601445976e-11,1.4677113655566726e-05,0.00390625
6271,1.1755894348454953e-11,1.406233020712846e-05,0.001953125
6272,1.1702374110137697e-11,1.3479250174730284e-05,0.001953125
6273,1.1649762525508888e-11,1.2926465005167472e-05,0.001953125
6274,1.159799198051355e-11,1.2402629764399843e-05,0.001953125
6275,1.1547000990565256e-11,1.1906459544289157e-05,0.001953125
6276,1.1496733639613732e-11,1.1436726000703745e-05,0.001953125
6277,1.144713907056641e-11,1.0992254022433726e-05,0.001953125
6278,1.1398171022362387e-11,1.0571918532107631e-05,0.001953125
6279,1.1349787409427581e-11,1.0174641422046834e-05,0.001953125
6280,1.1301949939631018e-11,9.799388629670922e-06,0.001953125
6281,1.1254623767217367e-11,9.445167358594973e-06,0.001953125
6282,1.1207777177513503e-11,9.11102345284603e-06,0.001953125
6283,1.1161381300500187e-11,8.79603893257208e-06,0.001953125
6284,1.1115409850606111e-11,8.499329700121613e-06,0.001953125
6285,1.1069838890323634e-11,8.220043425342557e-06,0.001953125
6286,1.102464661546523e-11,7.9573576183086e-06,0.001953125
6287,1.0979813160079411e-11,7.710477896378731e-06,0.001953125
6288,1.0935320419226254e-11,7.47863645051754e-06,0.001953125
6289,1.0891151887977426e-11,7.261090713179327e-06,0.001953125
6290,1.0847292515155308e-11,7.057122226866626e-06,0.001953125
6291,1.0803728570461826e-11,6.866035708841116e-06,0.001953125
6292,1.0760447523771151e-11,6.687158303564386e-06,0.001953125
6293,1.0717437935472583e-11,6.519839010484864e-06,0.001953125
6294,1.0712491670688049e-11,1.4121516249103217e-05,0.00390625
6295,1.0662878520227556e-11,1.352857415996651e-05,0.001953125
6296,1.0614173857192828e-11,1.2966153905741917e-05,0.001953125
6297,1.056630868748055e-11,1.2432899071558312e-05,0.001953125
6298,1.0519220278248112e-11,1.1927514673300166e-05,0.001953125
6299,1.0472851584894021e-11,1.1448763705851456e-05,0.001953125
6300,1.0427150730498987e-11,1.0995463816767254e-05,0.001953125
6301,1.0382070532924755e-11,1.0566484104432373e-05,0.001953125
6302,1.0337568075207496e-11,1.0160742041422094e-05,0.001953125
6303,1.0293604315282033e-11,9.77720052544732e-06,0.001953125
6304,1.0250143731436047e-11,9.414865061885621e-06,0.001953125
6305,1.0207154000223083e-11,9.072781083397111e-06,0.001953125
6306,1.0164605703862705e-11,8.75003141341481e-06,0.001953125
6307,1.0122472064428114e-11,8.44573388128968e-06,0.001953125
6308,1.0080728702368827e-11,8.159039097464908e-06,0.001953125
6309,1.0039353417140421e-11,7.889128397161049e-06,0.001953125
6310,9.998325987917461e-12,7.635211960595115e-06,0.001953125
6311,9.957627992550839e-12,7.396527116677637e-06,0.001953125
6312,9.917242643099305e-12,7.1723368354089744e-06,0.001953125
6313,9.87715463641772e-12,6.961928411846894e-06,0.001953125
6314,9.837350018423555e-12,6.764612341604573e-06,0.001953125
6315,9.797816060789378e-12,6.579721384471577e-06,0.001953125
6316,9.758541148923696e-12,6.406609809084131e-06,0.001953125
6317,9.719514680206658e-12,6.2446528077953336e-06,0.001953125
6318,9.716690754492063e-12,1.3587294774940159e-05,0.00390625
6319,9.671525660434752e-12,1.3015431563640586e-05,0.001953125
6320,9.627200242204318e-12,1.2472952755134275e-05,0.001953125
6321,9.58365048492483e-12,1.1958552104631029e-05,0.001953125
6322,9.540818184272984e-12,1.147098268052834e-05,0.001953125
6323,9.498650414701947e-12,1.1009053548714824e-05,0.001953125
6324,9.457099046350028e-12,1.0571626576724663e-05,0.001953125
6325,9.416120306176901e-12,1.0157613356460258e-05,0.001953125
6326,9.375674379278255e-12,9.7659722457662e-06,0.001953125
6327,9.335725046700416e-12,9.395705530726565e-06,0.001953125
6328,9.296239356413286e-12,9.045856712116305e-06,0.001953125
6329,9.257187324405858e-12,8.715507920899078e-06,0.001953125
6330,9.2185416631465e-12,8.403777468949711e-06,0.001953125
6331,9.180277534902714e-12,8.10981754220249e-06,0.001953125
6332,9.142372327644387e-12,7.832812044095055e-06,0.001953125
6333,9.10480545146299e-12,7.5719745974033805e-06,0.001953125
6334,9.06755815362841e-12,7.326546712267552e-06,0.001953125
6335,9.030613350577104e-12,7.095796127332266e-06,0.001953125
6336,8.993955475281481e-12,6.879015329439719e-06,0.001953125
6337,8.957570338592286e-12,6.6755202552218966e-06,0.001953125
6338,8.921445003274758e-12,6.4846491752929725e-06,0.001953125
6339,8.88556766957641e-12,6.305761758633996e-06,0.001953125
6340,8.849927571270646e-12,6.138238311328031e-06,0.001953125
6341,8.814514881217186e-12,5.981479180217766e-06,0.001953125
6342,8.81349603511782e-12,1.307360806877269e-05,0.00390625
6343,8.772377157110065e-12,1.2522087159412364e-05,0.001953125
6344,8.732034414854988e-12,1.1998855723336298e-05,0.001953125
6345,8.692408413078723e-12,1.1502655794662256e-05,0.001953125
6346,8.653445148796638e-12,1.10322866719043e-05,0.001953125
6347,8.615095517812116e-12,1.0586601733070443e-05,0.001953125
6348,8.577314866396016e-12,1.0164505365370626e-05,0.001953125
6349,8.54006258401043e-12,9.764950007949096e-06,0.001953125
6350,8.503301733318998e-12,9.386933307533665e-06,0.001953125
6351,8.466998714070115e-12,9.029495388405518e-06,0.001953125
6352,8.43112295775185e-12,8.691716239589568e-06,0.001953125
6353,8.39564665020138e-12,8.37271322358629e-06,0.001953125
6354,8.360544479609605e-12,8.071638712239334e-06,0.001953125
6355,8.325793407595953e-12,7.787677856377618e-06,0.001953125
6356,8.291372461241233e-12,7.520046496599691e-06,0.001953125
6357,8.257262544159807e-12,7.267989222895924e-06,0.001953125
6358,8.223446264867918e-12,7.030777590653088e-06,0.001953125
6359,8.189907780864743e-12,6.807708499894366e-06,0.001953125
6360,8.156632656987549e-12,6.598102743339618e-06,0.001953125
6361,8.123607736734195e-12,6.401303727022083e-06,0.001953125
6362,8.090821025365746e-12,6.2166763648046935e-06,0.001953125
6363,8.058261583710691e-12,6.043606145279777e-06,0.001953125
6364,8.025919431691062e-12,5.8814983663307254e-06,0.001953125
6365,7.993785460680308e-12,5.729777529239933e-06,0.001953125
6366,7.961851353884432e-12,5.587886880828639e-06,0.001953125
6367,7.95685461858504e-12,1.204775893593215e-05,0.00390625
6368,7.920134104991348e-12,1.1543104275001815e-05,0.001953125
6369,7.884075940194328e-12,1.1064473570406296e-05,0.001953125
6370,7.848630019031728e-12,1.0610710600256289e-05,0.001953125
6371,7.813750782494991e-12,1.0180711365837324e-05,0.001953125
6372,7.7793968016769e-12,9.773421142095988e-06,0.001953125
6373,7.745530399809297e-12,9.387831635954092e-06,0.001953125
6374,7.712117308903678e-12,9.022978251991634e-06,0.001953125
6375,7.679126357826669e-12,8.677937466473817e-06,0.001953125
6376,7.6465291889324e-12,8.351824312130099e-06,0.001953125
6377,7.614300000637364e-12,8.043789977469728e-06,0.001953125
6378,7.582415313562629e-12,7.753019525672439e-06,0.001953125
6379,7.550853758085762e-12,7.478729739149208e-06,0.001953125
6380,7.519595881342345e-12,7.220167096644918e-06,0.001953125
6381,7.488623971896416e-12,6.976605890169765e-06,0.001953125
6382,7.457921900462223e-12,6.7473464890228506e-06,0.001953125
6383,7.42747497520772e-12,6.53171375764635e-06,0.001953125
6384,7.397269810304828e-12,6.3290556329806025e-06,0.001953125
6385,7.367294206513682e-12,6.138741865367578e-06,0.001953125
6386,7.337537042699125e-12,5.960162924896724e-06,0.001953125
6387,7.307988177278564e-12,5.792729072467556e-06,0.001953125
6388,7.27863835869196e-12,5.63586959186208e-06,0.001953125
6389,7.24947914406794e-12,5.489032175918854e-06,0.001953125
6390,7.2205028253356784e-12,5.351682456649115e-06,0.001953125
6391,7.217177945508819e-12,1.1591696723256726e-05,0.00390625
6392,7.183752029126259e-12,1.110497095659558e-05,0.001953125
6393,7.150938245867554e-12,1.0643299238239229e-05,0.001953125
6394,7.1186901068268705e-12,1.0205568144251942e-05,0.001953125
6395,7.0869653420026855e-12,9.790714677446393e-06,0.001953125
6396,7.055725514191059e-12,9.397723434025633e-06,0.001953125
6397,7.0249356682274584e-12,9.025623873178196e-06,0.001953125
6398,6.994564012340879e-12,8.673487688852226e-06,0.001953125
6399,6.964581628680322e-12,8.340426284293432e-06,0.001953125
6400,6.934962210342786e-12,8.025588351300166e-06,0.001953125
6401,6.905681822476512e-12,7.728157557478062e-06,0.001953125
6402,6.876718685255331e-12,7.447350346005991e-06,0.001953125
6403,6.848052976721733e-12,7.1824138534847995e-06,0.001953125
6404,6.819666653679653e-12,6.932623952253786e-06,0.001953125
6405,6.791543288984455e-12,6.697283424048307e-06,0.001953125
6406,6.7636679237289195e-12,6.475720271960397e-06,0.001953125
6407,6.736026932961457e-12,6.267286177288733e-06,0.001953125
6408,6.708607903697648e-12,6.071355106979349e-06,0.001953125
6409,6.6813995240996065e-12,5.8873220759452855e-06,0.001953125
6410,6.654391482800759e-12,5.7146020666258845e-06,0.001953125
6411,6.6275743774471495e-12,5.552629105756182e-06,0.001953125
6412,6.600939631611524e-12,5.400855495554042e-06,0.001953125
6413,6.574479419313617e-12,5.258751193523707e-06,0.001953125
6414,6.54818659645028e-12,5.125803331975356e-06,0.001953125
6415,6.546291029496804e-12,1.1153180848661931e-05,0.00390625
6416,6.515861892745493e-12,1.0683758075138652e-05,0.001953125
6417,6.485998524563185e-12,1.023845568189047e-05,0.001953125
6418,6.4566577910951955e-12,9.816201427302118e-06,0.001953125
6419,6.427800473699243e-12,9.415971758233674e-06,0.001953125
6420,6.3993909106289865e-12,9.036789088346925e-06,0.001953125
6421,6.37139667152191e-12,8.677719174807936e-06,0.001953125
6422,6.3437882616881996e-12,8.337868592310939e-06,0.001953125
6423,6.316538853472292e-12,8.016382304653916e-06,0.001953125
6424,6.289624042208484e-12,7.71244133540044e-06,0.001953125
6425,6.2630216245189765e-12,7.425260540441815e-06,0.001953125
6426,6.2367113969088285e-12,7.154086486473369e-06,0.001953125
6427,6.210674972799586e-12,6.898195440454531e-06,0.001953125
6428,6.184895616313497e-12,6.656891475962291e-06,0.001953125
6429,6.1593580912747186e-12,6.429504702897011e-06,0.001953125
6430,6.134048524034396e-12,6.215389627185329e-06,0.001953125
6431,6.1089542788539696e-12,6.013923646882922e-06,0.001953125
6432,6.084063844697e-12,5.824505690361765e-06,0.001953125
6433,6.059366732385019e-12,5.6465550010473474e-06,0.001953125
6434,6.034853381168542e-12,5.4795100714561124e-06,0.001953125
6435,6.010515073851291e-12,5.322827727111894e-06,0.001953125
6436,5.986343859684523e-12,5.1759823583691825e-06,0.001953125
6437,5.9623324843201246e-12,5.038465295352715e-06,0.001953125
6438,5.938474326176201e-12,4.9097843182794455e-06,0.001953125
6439,5.937794368374478e-12,1.0731520851434735e-05,0.00390625
6440,5.910091281231779e-12,1.0278796435312464e-05,0.001953125
6441,5.882911149979141e-12,9.849293619974126e-06,0.001953125
6442,5.856213953494162e-12,9.4419797937615e-06,0.001953125
6443,5.829963304036511e-12,9.055869351677191e-06,0.001953125
6444,5.804126114721516e-12,8.69002108107325e-06,0.001953125
6445,5.778672297436987e-12,8.343535641414744e-06,0.001953125
6446,5.753574488416118e-12,8.015553136814772e-06,0.001953125
6447,5.7288077989344775e-12,7.705250781250709e-06,0.001953125
6448,5.7043495888309055e-12,7.411840657611955e-06,0.001953125
6449,5.68017926076273e-12,7.1345675729576325e-06,0.001953125
6450,5.656278073297036e-12,6.872707013529126e-06,0.001953125
6451,5.632628971113469e-12,6.6255632041077744e-06,0.001953125
6452,5.609216430751988e-12,6.392467277165661e-06,0.001953125
6453,5.586026320482384e-12,6.172775557856223e-06,0.001953125
6454,5.5630457730026676e-12,5.965867971161119e-06,0.001953125
6455,5.5402630697918296e-12,5.771146577386419e-06,0.001953125
6456,5.5176675360499666e-12,5.588034241634322e-06,0.001953125
6457,5.495249445256483e-12,5.415973441836389e-06,0.001953125
6458,5.47299993246581e-12,5.254425218417649e-06,0.001953125
6459,5.450910915540685e-12,5.102868266697355e-06,0.001953125
6460,5.428975023596315e-12,4.96079817078578e-06,0.001953125
6461,5.407185531995224e-12,4.827726775105863e-06,0.001953125
6462,5.3855363032930646e-12,4.703181686882719e-06,0.001953125
6463,5.364021733590569e-12,4.5867059001542204e-06,0.001953125
6464,5.3606607980654725e-12,9.88944413225271e-06,0.00390625
6465,5.3359210614763785e-12,9.475190418663977e-06,0.001953125
6466,5.311627611134544e-12,9.082298639781274e-06,0.001953125
6467,5.287746685689529e-12,8.709819701843463e-06,0.001953125
6468,5.2642475870377875e-12,8.356847379618113e-06,0.001953125
6469,5.2411023999821325e-12,8.022515895306125e-06,0.001953125
6470,5.218285737556708e-12,7.705997585952928e-06,0.001953125
6471,5.1957745096677485e-12,7.406500658987563e-06,0.001953125
6472,5.173547712915473e-12,7.1232670366883425e-06,0.001953125
6473,5.1515862396579645e-12,6.855570291549755e-06,0.001953125
6474,5.12987270455534e-12,6.602713675655222e-06,0.001953125
6475,5.108391286993874e-12,6.364028248189966e-06,0.001953125
6476,5.087127587936205e-12,6.138871106095509e-06,0.001953125
6477,5.066068499876889e-12,5.926623723505438e-06,0.001953125
6478,5.045202088703476e-12,5.7266904059432055e-06,0.001953125
6479,5.024517486373105e-12,5.538496865244114e-06,0.001953125
6480,5.004004793414458e-12,5.361488920733367e-06,0.001953125
6481,4.983654990355521e-12,5.195131331316091e-06,0.001953125
6482,4.963459857259964e-12,5.038906761803851e-06,0.001953125
6483,4.9434119006298e-12,4.892314885035331e-06,0.001953125
6484,4.923504286999888e-12,4.75487161919908e-06,0.001953125
6485,4.90373078261166e-12,4.62610849731968e-06,0.001953125
6486,4.884085698609472e-12,4.505572163241165e-06,0.001953125
6487,4.864563841254e-12,4.392823985772811e-06,0.001953125
6488,4.8623288686752996e-12,9.515085397489367e-06,0.00390625
6489,4.83980879327744e-12,9.115548956980857e-06,0.001953125
6490,4.8177011693365805e-12,8.736578296293787e-06,0.001953125
6491,4.79597467217043e-12,8.377259452533466e-06,0.001953125
6492,4.774600819839472e-12,8.036719856679039e-06,0.001953125
6493,4.7535537129841105e-12,7.714126007834657e-06,0.001953125
6494,4.732809798480055e-12,7.4086812319863175e-06,0.001953125
6495,4.712347654731313e-12,7.119623524627251e-06,0.001953125
6496,4.692147796619831e-12,6.846223477730193e-06,0.001953125
6497,4.672192498312133e-12,6.587782292668058e-06,0.001953125
6498,4.652465632288141e-12,6.343629881775617e-06,0.001953125
6499,4.632952523106947e-12,6.113123062253958e-06,0.001953125
6500,4.6136398145603765e-12,5.895643846989592e-06,0.001953125
6501,4.594515348988617e-12,5.690597837528133e-06,0.001953125
6502,4.57556805764448e-12,5.497412724843842e-06,0.001953125
6503,4.556787861094724e-12,5.315536903619504e-06,0.001953125
6504,4.538165578739554e-12,5.144438205443504e-06,0.001953125
6505,4.519692846615489e-12,4.983602755605245e-06,0.001953125
6506,4.501362042723234e-12,4.832533957010747e-06,0.001953125
6507,4.48316621919163e-12,4.690751603158868e-06,0.001953125
6508,4.465099040651816e-12,4.5577911201571345e-06,0.001953125
6509,4.4471547282530424e-12,4.4332029354889255e-06,0.001953125
6510,4.429328008803632e-12,4.316551968774135e-06,0.001953125
6511,4.411614068567871e-12,4.207417237221807e-06,0.001953125
6512,4.41034168246689e-12,9.15512949560855e-06,0.00390625
6513,4.389840621075357e-12,8.769796542280264e-06,0.001953125
6514,4.369720771175631e-12,8.404262961727996e-06,0.001953125
6515,4.349953068751055e-12,8.057648595736873e-06,0.001953125
6516,4.330511087896898e-12,7.729113253049056e-06,0.001953125
6517,4.311370799382884e-12,7.417854475291013e-06,0.001953125
6518,4.292510351319637e-12,7.1231053836499785e-06,0.001953125
6519,4.273909869905363e-12,6.844132605432222e-06,0.001953125
6520,4.255551278414382e-12,6.580234280690544e-06,0.001953125
6521,4.237418132757402e-12,6.330738150178939e-06,0.001953125
6522,4.21949547209637e-12,6.094999726942598e-06,0.001953125
6523,4.2017696831355875e-12,5.872400554836399e-06,0.001953125
6524,4.184228376837018e-12,5.662346558131805e-06,0.001953125
6525,4.166860276422304e-12,5.464266487061881e-06,0.001953125
6526,4.149655115628167e-12,5.277610464605462e-06,0.001953125
6527,4.132603546276473e-12,5.101848639964492e-06,0.001953125
6528,4.115697054306174e-12,4.9364699539905235e-06,0.001953125
6529,4.098927883492425e-12,4.7809810212275335e-06,0.001953125
6530,4.082288966149094e-12,4.63490513223817e-06,0.001953125
6531,4.0657738601753104e-12,4.4977813784732885e-06,0.001953125
6532,4.049376691865261e-12,4.36916390016286e-06,0.001953125
6533,4.033092103953556e-12,4.248621255612901e-06,0.001953125
6534,4.01691520841688e-12,4.135735907980046e-06,0.001953125
6535,4.0008415435964405e-12,4.030103823179481e-06,0.001953125
6536,4.000387794668346e-12,8.809009669325519e-06,0.00390625
6537,3.981723349610447e-12,8.437383873641523e-06,0.001953125
6538,3.963411269280993e-12,8.084819682167608e-06,0.001953125
6539,3.945424587052265e-12,7.750469467116046e-06,0.001953125
6540,3.927738784508184e-12,7.433524187086105e-06,0.001953125
6541,3.910331567384454e-12,7.133211241119431e-06,0.001953125
6542,3.893182662021679e-12,6.84879239997449e-06,0.001953125
6543,3.876273630453446e-12,6.579561813548597e-06,0.001953125
6544,3.859587702423284e-12,6.3248440943719754e-06,0.001953125
6545,3.843109622780622e-12,6.083992478116386e-06,0.001953125
6546,3.8268255128477475e-12,5.856387063069051e-06,0.001953125
6547,3.810722744478701e-12,5.6414331314801016e-06,0.001953125
6548,3.794789825648103e-12,5.438559556550063e-06,0.001953125
6549,3.77901629651435e-12,5.247217299528093e-06,0.001953125
6550,3.763392634998178e-12,5.066878001883576e-06,0.001953125
6551,3.747910171005484e-12,4.89703267773549e-06,0.001953125
6552,3.732561008502976e-12,4.737190511623223e-06,0.001953125
6553,3.717337954727701e-12,4.586877766237849e-06,0.001953125
6554,3.70223445587734e-12,4.445636803879642e-06,0.001953125
6555,3.687244538687939e-12,4.313025224163368e-06,0.001953125
6556,3.672362757360042e-12,4.1886151188817046e-06,0.001953125
6557,3.657584145343609e-12,4.07199244301167e-06,0.001953125
6558,3.642904171536847e-12,3.9627564986900345e-06,0.001953125
6559,3.6283187004948593e-12,3.860519526697215e-06,0.001953125
6560,3.6138239562810234e-12,3.7649063976991935e-06,0.001953125
6561,3.6115633091337525e-12,8.117784050967841e-06,0.00390625
6562,3.5948953895362227e-12,7.777737376771745e-06,0.001953125
6563,3.578528174667212e-12,7.4552257863490135e-06,0.001953125
6564,3.5624389157971937e-12,7.149470208678079e-06,0.001953125
6565,3.546606928245106e-12,6.859726762301272e-06,0.001953125
6566,3.531013402481893e-12,6.585284767979376e-06,0.001953125
6567,3.5156412325277423e-12,6.325464833993507e-06,0.001953125
6568,3.50047486005975e-12,6.07961701378203e-06,0.001953125
6569,3.485500132791662e-12,5.847119036566571e-06,0.001953125
6570,3.4707041758190717e-12,5.627374612586491e-06,0.001953125
6571,3.4560752747430227e-12,5.41981181548867e-06,0.001953125
6572,3.4416027694936915e-12,5.223881545264816e-06,0.001953125
6573,3.4272769578745314e-12,5.039056075840571e-06,0.001953125
6574,3.413089007936926e-12,4.864827691944773e-06,0.001953125
6575,3.3990308783769144e-12,4.700707420167692e-06,0.001953125
6576,3.3850952462195373e-12,4.546223859102222e-06,0.001953125
6577,3.3712754411236096e-12,4.400922113109421e-06,0.001953125
6578,3.357565385700791e-12,4.264362833531352e-06,0.001953125
6579,3.343959541298342e-12,4.1361213700819575e-06,0.001953125
6580,3.3304528587453495e-12,4.015787033696979e-06,0.001953125
6581,3.3170407336079975e-12,3.902962470359859e-06,0.001953125
6582,3.303718965541071e-12,3.7972631434127264e-06,0.001953125
6583,3.2904837213606776e-12,3.6983169197050663e-06,0.001953125
6584,3.2773315014974923e-12,3.6057637527421284e-06,0.001953125
6585,3.2758291689064925e-12,7.810491627709325e-06,0.00390625
6586,3.2606566963998495e-12,7.482525906380428e-06,0.001953125
6587,3.2457621310971314e-12,7.171441740262863e-06,0.001953125
6588,3.2311243661191124e-12,6.8764888956433065e-06,0.001953125
6589,3.216724210057002e-12,6.596951117854106e-06,0.001953125
6590,3.202544211671926e-12,6.332144222193099e-06,0.001953125
6591,3.1885685006433918e-12,6.081414254207116e-06,0.001953125
6592,3.17478264289741e-12,5.844135718814837e-06,0.001953125
6593,3.1611735091794688e-12,5.619709878660157e-06,0.001953125
6594,3.147729155659753e-12,5.407563123009235e-06,0.001953125
6595,3.1344387154690313e-12,5.207145409399918e-06,0.001953125
6596,3.1212923001644785e-12,5.0179287810808145e-06,0.001953125
6597,3.1082809102163137e-12,4.839405963991573e-06,0.001953125
6598,3.0953963536893853e-12,4.671089047584608e-06,0.001953125
6599,3.0826311723694284e-12,4.512508254118359e-06,0.001953125
6600,3.0699785746524163e-12,4.363210801112618e-06,0.001953125
6601,3.0574323745778265e-12,4.222759861404539e-06,0.001953125
6602,3.044986936443335e-12,4.090733624648791e-06,0.001953125
6603,3.032637124489935e-12,3.9667244631543175e-06,0.001953125
6604,3.02037825719328e-12,3.8503382036526465e-06,0.001953125
6605,3.008206065739535e-12,3.7411935049832253e-06,0.001953125
6606,2.9961166563026296e-12,3.638921339820538e-06,0.001953125
6607,2.9841064757749e-12,3.5431645765410097e-06,0.001953125
6608,2.9721722806349288e-12,3.4535776552397584e-06,0.001953125
6609,2.971318212369172e-12,7.515021705219163e-06,0.00390625
6610,2.9575060059043232e-12,7.198715183325004e-06,0.001953125
6611,2.9439506574727175e-12,6.898661106786718e-06,0.001953125
6612,2.930632583453312e-12,6.6141369906037105e-06,0.001953125
6613,2.917533977813047e-12,6.3444531574909685e-06,0.001953125
6614,2.9046386494236943e-12,6.08895090405116e-06,0.001953125
6615,2.8919318742725605e-12,5.847000733227365e-06,0.001953125
6616,2.879400261203463e-12,5.618000652323162e-06,0.001953125
6617,2.8670316299492642e-12,5.401374536742556e-06,0.001953125
6618,2.8548149003306287e-12,5.1965705604809126e-06,0.001953125
6619,2.8427399915986953e-12,5.003059695260156e-06,0.001953125
6620,2.8307977309929937e-12,4.8203342810100725e-06,0.001953125
6621,2.8189797706708873e-12,4.647906671109156e-06,0.001953125
6622,2.8072785122421354e-12,4.485307956364935e-06,0.001953125
6623,2.795687038212294e-12,4.332086772084441e-06,0.001953125
6624,2.7841990497024307e-12,4.187808192711508e-06,0.001953125
6625,2.772808809870554e-12,4.052052718345502e-06,0.001953125
6626,2.761511092512733e-12,3.924415356973269e-06,0.001953125
6627,2.750301135369707e-12,3.8045048054258053e-06,0.001953125
6628,2.739174597708179e-12,3.691942730916542e-06,0.001953125
6629,2.728127521785436e-12,3.586363153556136e-06,0.001953125
6630,2.717156297841772e-12,3.48741192852067e-06,0.001953125
6631,2.7062576322977227e-12,3.3947463246518827e-06,0.001953125
6632,2.695428518862721e-12,3.3080346942850937e-06,0.001953125
6633,2.695125751701417e-12,7.230909066846328e-06,0.00390625
6634,2.6825509253466745e-12,6.925854320556742e-06,0.001953125
6635,2.6702135203587544e-12,6.63644641784618e-06,0.001953125
6636,2.658095366357442e-12,6.361989576460455e-06,0.001953125
6637,2.64617994259367e-12,6.101819688576846e-06,0.001953125
6638,2.6344522269755856e-12,5.855302559316053e-06,0.001953125
6639,2.6228985589164848e-12,5.621832208637438e-06,0.001953125
6640,2.6115065147391747e-12,5.400829235736889e-06,0.001953125
6641,2.600264794487208e-12,5.191739245883982e-06,0.001953125
6642,2.5891631190986363e-12,4.994031340470817e-06,0.001953125
6643,2.57819213699359e-12,4.807196671872418e-06,0.001953125
6644,2.567343339213807e-12,4.630747065504606e-06,0.001953125
6645,2.556608982331164e-12,4.464213712169912e-06,0.001953125
6646,2.5459820184139342e-12,4.30714593436032e-06,0.001953125
6647,2.5354560314046247e-12,4.159110030589664e-06,0.001953125
6648,2.525025179322388e-12,4.01968820201098e-06,0.001953125
6649,2.5146841417567598e-12,3.88847756549181e-06,0.001953125
6650,2.5044280721682814e-12,3.7650892569395986e-06,0.001953125
6651,2.494252554555938e-12,3.6491476279694296e-06,0.001953125
6652,2.4841535640915946e-12,3.5402895379856e-06,0.001953125
6653,2.474127431358272e-12,3.438163742426499e-06,0.001953125
6654,2.4641708098622976e-12,3.3424303763421594e-06,0.001953125
6655,2.4542806465196088e-12,3.252760530702097e-06,0.001953125
6656,2.444454154843922e-12,3.1688359169543655e-06,0.001953125
6657,2.4346887905893973e-12,3.0903486134770917e-06,0.001953125
6658,2.433168228571112e-12,6.663510818295469e-06,0.00390625
6659,2.4219385397074713e-12,6.384378159409746e-06,0.001953125
6660,2.4109114637062667e-12,6.119639288690275e-06,0.001953125
6661,2.400071672250106e-12,5.868654699607569e-06,0.001953125
6662,2.38940522779949e-12,5.630813771750723e-06,0.001953125
6663,2.3788994563123517e-12,5.405533139523696e-06,0.001953125
6664,2.3685428316162836e-12,5.192255120471423e-06,0.001953125
6665,2.3583248703666035e-12,4.990446202978275e-06,0.001953125
6666,2.348236036621116e-12,4.799595593874464e-06,0.001953125
6667,2.3382676551511204e-12,4.6192138272783495e-06,0.001953125
6668,2.328411832688846e-12,4.4488314367640235e-06,0.001953125
6669,2.3186613863847143e-12,4.287997693637442e-06,0.001953125
6670,2.3090097788143446e-12,4.136279414689133e-06,0.001953125
6671,2.299451058935661e-12,3.993259843221918e-06,0.001953125
6672,2.2899798084513526e-12,3.8585376073825854e-06,0.001953125
6673,2.2805910930818106e-12,3.731725759814763e-06,0.001953125
6674,2.2712804182989786e-12,3.6124509023611995e-06,0.001953125
6675,2.262043689112706e-12,3.500352398954481e-06,0.001953125
6676,2.252877173538589e-12,3.395081678939189e-06,0.001953125
6677,2.2437774694102488e-12,3.2963016318789705e-06,0.001953125
6678,2.23474147422985e-12,3.2036860934544423e-06,0.001953125
6679,2.2257663577787144e-12,3.1169194204100354e-06,0.001953125
6680,2.2168495372353247e-12,3.035696150737981e-06,0.001953125
6681,2.2079886545711586e-12,2.9597207434895717e-06,0.001953125
6682,2.2069788028476497e-12,6.411269786484481e-06,0.00390625
6683,2.196756638022151e-12,6.142054006981788e-06,0.001953125
6684,2.186721725327563e-12,5.886695562764627e-06,0.001953125
6685,2.176859842740925e-12,5.644578618520104e-06,0.001953125
6686,2.1671580589037114e-12,5.415115231360801e-06,0.001953125
6687,2.1576046150024567e-12,5.197743783765144e-06,0.001953125
6688,2.1481888174633725e-12,4.991927473452646e-06,0.001953125
6689,2.1389009404708804e-12,4.797152859762525e-06,0.001953125
6690,2.1297321374106763e-12,4.61292846685559e-06,0.001953125
6691,2.1206743604202496e-12,4.43878344481608e-06,0.001953125
6692,2.1117202873046e-12,4.27426629046529e-06,0.001953125
6693,2.102863255142852e-12,4.1189436303789225e-06,0.001953125
6694,2.094097199973195e-12,3.972399069186706e-06,0.001953125
6695,2.085416601999665e-12,3.834232106683305e-06,0.001953125
6696,2.0768164358152213e-12,3.7040571275506322e-06,0.001953125
6697,2.0682921251818794e-12,3.581502467541705e-06,0.001953125
6698,2.0598395019506663e-12,3.466209559769728e-06,0.001953125
6699,2.0514547687424102e-12,3.3578321642581287e-06,0.001953125
6700,2.0431344650450366e-12,3.2560356831270907e-06,0.001953125
6701,2.0348754364145832e-12,3.160496562727552e-06,0.001953125
6702,2.0266748064957874e-12,3.0709017827129434e-06,0.001953125
6703,2.018529951604091e-12,2.986948430511968e-06,0.001953125
6704,2.0104384776345824e-12,2.9083433580022596e-06,0.001953125
6705,2.0023981990848133e-12,2.834802915471023e-06,0.001953125
6706,2.001824927931093e-12,6.168733201418518e-06,0.00390625
6707,1.992519212274802e-12,5.909088094917075e-06,0.001953125
6708,1.9833865660323416e-12,5.66278391507398e-06,0.001953125
6709,1.9744137935667228e-12,5.429227604223219e-06,0.001953125
6710,1.9655888969987202e-12,5.207853035600655e-06,0.001953125
6711,1.9569009665892243e-12,4.998119508055201e-06,0.001953125
6712,1.9483400811572257e-12,4.799510295164496e-06,0.001953125
6713,1.939897217614652e-12,4.611531248168588e-06,0.001953125
6714,1.9315641687833777e-12,4.4337094528456485e-06,0.001953125
6715,1.9233334687361615e-12,4.265591941175005e-06,0.001953125
6716,1.9151983249726627e-12,4.1067444593404255e-06,0.001953125
6717,1.907152556804783e-12,3.956750294290322e-06,0.001953125
6718,1.8991905393828364e-12,3.815209161655837e-06,0.001953125
6719,1.8913071528461293e-12,3.6817361582929234e-06,0.001953125
6720,1.883497736128787e-12,3.5559607830191036e-06,0.001953125
6721,1.8757580449946346e-12,3.4375260292194163e-06,0.001953125
6722,1.8680842139139476e-12,3.3260875528633336e-06,0.001953125
6723,1.860472721430335e-12,3.221312919078626e-06,0.001953125
6724,1.8529203586982354e-12,3.122880929755245e-06,0.001953125
6725,1.8454242009007363e-12,3.0304810337050386e-06,0.001953125
6726,1.8379815812840236e-12,2.9438128197034224e-06,0.001953125
6727,1.8305900675688984e-12,2.8625855913293267e-06,0.001953125
6728,1.823247440521741e-12,2.7865180209617823e-06,0.001953125
6729,1.8159516744872035e-12,2.7153378786639307e-06,0.001953125
6730,1.8157496701760237e-12,5.935519194987966e-06,0.00390625
6731,1.8072776123242681e-12,5.685110318008097e-06,0.001953125
6732,1.7989655276509658e-12,5.447545255815694e-06,0.001953125
6733,1.7908011727743846e-12,5.22225286981343e-06,0.001953125
6734,1.7827734158518752e-12,5.008688022014147e-06,0.001953125
6735,1.7748721348520197e-12,4.806330129132082e-06,0.001953125
6736,1.7670881251400979e-12,4.614681768700664e-06,0.001953125
6737,1.7594130155242145e-12,4.433267336492998e-06,0.001953125
6738,1.7518391919874933e-12,4.26163175519204e-06,0.001953125
6739,1.7443597284026544e-12,4.099339234943355e-06,0.001953125
6740,1.7369683235897215e-12,3.945972087102615e-06,0.001953125
6741,1.729659244136129e-12,3.801129593135264e-06,0.001953125
6742,1.7224272724516637e-12,3.6644269312042425e-06,0.001953125
6743,1.7152676595789804e-12,3.5354941634564834e-06,0.001953125
6744,1.708176082324305e-12,3.413975287350787e-06,0.001953125
6745,1.7011486043128029e-12,3.2995273545197227e-06,0.001953125
6746,1.694181640609295e-12,3.191819660591069e-06,0.001953125
6747,1.6872719255779087e-12,3.0905330090820246e-06,0.001953125
6748,1.6804164836841292e-12,2.995359051905416e-06,0.001953125
6749,1.6736126029698668e-12,2.9059997081896566e-06,0.001953125
6750,1.6668578109568194e-12,2.8221666620294647e-06,0.001953125
6751,1.6601498527558143e-12,2.7435809384876953e-06,0.001953125
6752,1.6534866711801629e-12,2.669972555714562e-06,0.001953125
6753,1.6468663886795613e-12,2.601080249510235e-06,0.001953125
6754,1.6402872909278586e-12,2.536651265113891e-06,0.001953125
6755,1.6392645297164086e-12,5.469765663869275e-06,0.00390625
6756,1.6316987437418238e-12,5.240635232376615e-06,0.001953125
6757,1.624269476977791e-12,5.023320036013725e-06,0.001953125
6758,1.6169664010534954e-12,4.817295130853282e-06,0.001953125
6759,1.6097801247191153e-12,4.622059284766348e-06,0.001953125
6760,1.6027021080828844e-12,4.437133638373922e-06,0.001953125
6761,1.5957245846998577e-12,4.2620604149434295e-06,0.001953125
6762,1.5888404907935341e-12,4.096401679017791e-06,0.001953125
6763,1.5820434009573066e-12,3.939738144215728e-06,0.001953125
6764,1.5753274697424902e-12,3.79166803129227e-06,0.001953125
6765,1.5686873785940028e-12,3.6518059781734874e-06,0.001953125
6766,1.5621182876440985e-12,3.5197820042491803e-06,0.001953125
6767,1.555615791919395e-12,3.3952405316873095e-06,0.001953125
6768,1.5491758815571378e-12,3.277839466887503e-06,0.001953125
6769,1.5427949056636517e-12,3.1672493453804653e-06,0.001953125
6770,1.5364695394815244e-12,3.0631525434707937e-06,0.001953125
6771,1.5301967545626019e-12,2.965242559683886e-06,0.001953125
6772,1.5239737916715996e-12,2.8732233685943752e-06,0.001953125
6773,1.517798136170346e-12,2.7868088488784774e-06,0.001953125
6774,1.5116674956555355e-12,2.70572228645661e-06,0.001953125
6775,1.5055797796436914e-12,2.629695952404785e-06,0.001953125
6776,1.4995330811158987e-12,2.558470753960982e-06,0.001953125
6777,1.4935256597520496e-12,2.491795955500032e-06,0.001953125
6778,1.4875559266999176e-12,2.4294289648747026e-06,0.001953125
6779,1.4868771190082168e-12,5.262713574711442e-06,0.00390625
6780,1.4799901298268557e-12,5.041723601810637e-06,0.001953125
6781,1.4732293099571854e-12,4.832108513441463e-06,0.001953125
6782,1.46658507646016e-12,4.6333627962868135e-06,0.001953125
6783,1.4600487160602077e-12,4.445003833122787e-06,0.001953125
6784,1.4536123055551362e-12,4.2665706165050486e-06,0.001953125
6785,1.4472686395126116e-12,4.097622509188276e-06,0.001953125
6786,1.441011164586105e-12,3.93773805092362e-06,0.001953125
6787,1.4348339198442789e-12,3.786513811895768e-06,0.001953125
6788,1.428731482563264e-12,3.6435632936824115e-06,0.001953125
6789,1.4226989189816895e-12,3.5085158792223547e-06,0.001953125
6790,1.416731739564106e-12,3.381015833836871e-06,0.001953125
6791,1.410825858360053e-12,3.2607213598304663e-06,0.001953125
6792,1.4049775560838005e-12,3.147303707567236e-06,0.001953125
6793,1.3991834465741278e-12,3.040446346141718e-06,0.001953125
6794,1.3934404463246883e-12,2.939844196804524e-06,0.001953125
6795,1.3877457468038393e-12,2.8452029321339336e-06,0.001953125
6796,1.3820967893085572e-12,2.7562383435444417e-06,0.001953125
6797,1.3764912421204314e-12,2.67267577908329e-06,0.001953125
6798,1.37092697975298e-12,2.5942496525925328e-06,0.001953125
6799,1.3654020640988196e-12,2.5207030242304622e-06,0.001953125
6800,1.3599147273027508e-12,2.4517872510931016e-06,0.001953125
6801,1.3544633562027544e-12,2.38726170531123e-06,0.001953125
6802,1.3490464781953417e-12,2.3268935555917674e-06,0.001953125
6803,1.3486616903178691e-12,5.063627337165965e-06,0.00390625
6804,1.3423921385023372e-12,4.850493631077358e-06,0.001953125
6805,1.3362391998279724e-12,4.648310912377635e-06,0.001953125
6806,1.3301939829444351e-12,4.456592364876422e-06,0.001953125
6807,1.32424840356336e-12,4.274873279179296e-06,0.001953125
6808,1.3183951105968044e-12,4.102709817078672e-06,0.001953125
6809,1.3126274190578238e-12,3.939677820601044e-06,0.001953125
6810,1.306939249104074e-12,3.785371665228291e-06,0.001953125
6811,1.3013250706620325e-12,3.639403157393947e-06,0.001953125
6812,1.2957798531209214e-12,3.501400476947342e-06,0.001953125
6813,1.2902990196321828e-12,3.371007165859372e-06,0.001953125
6814,1.2848784055928585e-12,3.2478811649885642e-06,0.001953125
6815,1.279514220929826e-12,3.1316939012057733e-06,0.001953125
6816,1.2742030158369153e-12,3.0221294275578457e-06,0.001953125
6817,1.2689416496487794e-12,2.918883619400807e-06,0.001953125
6818,1.2637272625643468e-12,2.821663429518602e-06,0.001953125
6819,1.2585572499589668e-12,2.7301862051348218e-06,0.001953125
6820,1.2534292390482483e-12,2.6441790694002983e-06,0.001953125
6821,1.2483410676882833e-12,2.5633783693874922e-06,0.001953125
6822,1.2432907651166702e-12,2.487529191845413e-06,0.001953125
6823,1.2382765344566467e-12,2.416384946984421e-06,0.001953125
6824,1.2332967368229185e-12,2.3497070194033057e-06,0.001953125
6825,1.228349876882542e-12,2.2872644839924237e-06,0.001953125
6826,1.2234345897376496e-12,2.228833883310784e-06,0.001953125
6827,1.223299826820673e-12,4.872193498880759e-06,0.00390625
6828,1.2175919337315196e-12,4.666641523770646e-06,0.001953125
6829,1.2119918296684335e-12,4.471632478772182e-06,0.001953125
6830,1.2064912649198235e-12,4.286697540060491e-06,0.001953125
6831,1.2010827387410041e-12,4.111389226947601e-06,0.001953125
6832,1.1957594308088753e-12,3.945280215015371e-06,0.001953125
6833,1.190515138952024e-12,3.7879621919530965e-06,0.001953125
6834,1.1853442225817034e-12,3.639044755504811e-06,0.001953125
6835,1.1802415513017683e-12,3.4981543534819386e-06,0.001953125
6836,1.1752024582234147e-12,3.3649332663598826e-06,0.001953125
6837,1.1702226975539895e-12,3.239038633534747e-06,0.001953125
6838,1.1652984060685667e-12,3.120141524846052e-06,0.001953125
6839,1.160426068108808e-12,3.007926059446237e-06,0.001953125
6840,1.155602483786186e-12,2.902088574487618e-06,0.001953125
6841,1.15082474009619e-12,2.802336846370102e-06,0.001953125
6842,1.1460901846770183e-12,2.7083893674163525e-06,0.001953125
6843,1.1413964019706367e-12,2.619974680786312e-06,0.001953125
6844,1.1367411915662666e-12,2.5368307761869603e-06,0.001953125
6845,1.1321225485264948e-12,2.4587045484624057e-06,0.001953125
6846,1.1275386455144908e-12,2.385351320462325e-06,0.001953125
6847,1.1229878165574334e-12,2.3165344306966994e-06,0.001953125
6848,1.1184685422963502e-12,2.2520248852207454e-06,0.001953125
6849,1.1139794365862846e-12,2.1916010720005916e-06,0.001953125
6850,1.1095192343231643e-12,2.13504853474603e-06,0.001953125
6851,1.1050867803850618e-12,2.0821598019302145e-06,0.001953125
6852,1.104398852191141e-12,4.489875872125666e-06,0.00390625
6853,1.099301550007289e-12,4.301790555279729e-06,0.001953125
6854,1.0942962335674874e-12,4.123403851445042e-06,0.001953125
6855,1.089375943514033e-12,3.954284856300156e-06,0.001953125
6856,1.0845343519313542e-12,3.794022129868738e-06,0.001953125
6857,1.079765704558023e-12,3.6422225973675667e-06,0.001953125
6858,1.0750647682893313e-12,3.4985104902291713e-06,0.001953125
6859,1.0704267834860627e-12,3.3625263271239877e-06,0.001953125
6860,1.065847420649439e-12,3.233925935341252e-06,0.001953125
6861,1.0613227410625095e-12,3.1123795134216523e-06,0.001953125
6862,1.0568491610348436e-12,2.9975707364478535e-06,0.001953125
6863,1.0524234194206323e-12,2.889195905866677e-06,0.001953125
6864,1.0480425481105128e-12,2.786963146110955e-06,0.001953125
6865,1.0437038452248625e-12,2.690591650579387e-06,0.001953125
6866,1.039404850761237e-12,2.5998109796885258e-06,0.001953125
6867,1.035143324471265e-12,2.5143604137036378e-06,0.001953125
6868,1.0309172257628946e-12,2.4339883628610804e-06,0.001953125
6869,1.0267246954425555e-12,2.3584518368985463e-06,0.001953125
6870,1.0225640391287981e-12,2.2875159755064602e-06,0.001953125
6871,1.018433712184375e-12,2.22095364041303e-06,0.001953125
6872,1.0143323060277466e-12,2.158545068840671e-06,0.001953125
6873,1.0102585356977293e-12,2.100077586961738e-06,0.001953125
6874,1.0062112285565474e-12,2.0453453807892344e-06,0.001953125
6875,1.002189314027073e-12,1.994149320726769e-06,0.001953125
6876,1.001733031846095e-12,4.319917133149805e-06,0.00390625
6877,9.970930538253293e-13,4.138514066176769e-06,0.001953125
6878,9.925380878959186e-13,3.966448147757947e-06,0.001953125
6879,9.880616769792143e-13,3.8033044232638996e-06,0.001953125
6880,9.836579499851036e-13,3.64868673281229e-06,0.001953125
6881,9.79321568183349e-13,3.50221665540327e-06,0.001953125
6882,9.750476764847022e-13,3.363532491414202e-06,0.001953125
6883,9.708318591822857e-13,3.2322882831614584e-06,0.001953125
6884,9.666700997448932e-13,3.1081528737432526e-06,0.001953125
6885,9.625587442912455e-13,2.9908090048873147e-06,0.001953125
6886,9.584944684082016e-13,2.8799524550225836e-06,0.001953125
6887,9.544742470067748e-13,2.7752912192524526e-06,0.001953125
6888,9.504953269378372e-13,2.676544733302498e-06,0.001953125
6889,9.465552021148533e-13,2.5834431438194976e-06,0.001953125
6890,9.426515909141197e-13,2.4957266275815608e-06,0.001953125
6891,9.387824156439994e-13,2.4131447622133907e-06,0.001953125
6892,9.349457838937257e-13,2.335455950862208e-06,0.001953125
6893,9.311399715897011e-13,2.2624269029616713e-06,0.001953125
6894,9.273634076029623e-13,2.1938321726861546e-06,0.001953125
6895,9.23614659765798e-13,2.129453755981074e-06,0.001953125
6896,9.1989242216851e-13,2.069080746165687e-06,0.001953125
6897,9.161955036191176e-13,2.0125090470763987e-06,0.001953125
6898,9.125228171595296e-13,1.959541141598123e-06,0.001953125
6899,9.088733705414694e-13,1.909985912276692e-06,0.001953125
6900,9.086150990832436e-13,4.156497127777108e-06,0.00390625
6901,9.043911058376385e-13,3.981543025065505e-06,0.001953125
6902,9.00245685832857e-13,3.815578112376535e-06,0.001953125
6903,8.961728479893534e-13,3.6582027826954967e-06,0.001953125
6904,8.921671450345568e-13,3.5090355758350044e-06,0.001953125
6905,8.882236237341699e-13,3.367712164191177e-06,0.001953125
6906,8.843377796798545e-13,3.233884375154699e-06,0.001953125
6907,8.805055162161589e-13,3.1072192497801486e-06,0.001953125
6908,8.767231071277264e-13,2.9873981377956904e-06,0.001953125
6909,8.729871627425186e-13,2.874115829521103e-06,0.001953125
6910,8.692945991383148e-13,2.767079725738944e-06,0.001953125
6911,8.656426101683679e-13,2.6660090470109427e-06,0.001953125
6912,8.62028642048119e-13,2.5706340843255533e-06,0.001953125
6913,8.584503702684983e-13,2.4806954932762707e-06,0.001953125
6914,8.549056786228064e-13,2.3959436341759e-06,0.001953125
6915,8.513926401536746e-13,2.31613796058233e-06,0.001953125
6916,8.479094998443125e-13,2.2410464586225074e-06,0.001953125
6917,8.444546588943519e-13,2.170445139235191e-06,0.001953125
6918,8.410266604352117e-13,2.1041175850002974e-06,0.001953125
6919,8.376241765531924e-13,2.0418545525850416e-06,0.001953125
6920,8.342459965005733e-13,1.9834536310292944e-06,0.001953125
6921,8.308910159859507e-13,1.928718955143177e-06,0.001953125
6922,8.27558227445005e-13,1.8774609722405147e-06,0.001953125
6923,8.242467112019407e-13,1.8294962593353218e-06,0.001953125
6924,8.241568158533071e-13,3.999358561997421e-06,0.00390625
6925,8.203112279005438e-13,3.83062806432089e-06,0.001953125
6926,8.16538267586276e-13,3.670551800390059e-06,0.001953125
6927,8.128323761733148e-13,3.518744932303888e-06,0.001953125
6928,8.091884995863707e-13,3.374840142115251e-06,0.001953125
6929,8.056020422254833e-13,3.238486657596948e-06,0.001953125
6930,8.02068825007895e-13,3.109349313060781e-06,0.001953125
6931,7.985850472512396e-13,2.9871076447406447e-06,0.001953125
6932,7.951472520463663e-13,2.8714550207025086e-06,0.001953125
6933,7.91752294800311e-13,2.7620978057062626e-06,0.001953125
6934,7.883973146591821e-13,2.6587545619020525e-06,0.001953125
6935,7.850797085472945e-13,2.561155286678574e-06,0.001953125
6936,7.817971075830293e-13,2.469040689370665e-06,0.001953125
6937,7.785473556538231e-13,2.382161508853712e-06,0.001953125
6938,7.753284899526117e-13,2.3002778742763045e-06,0.001953125
6939,7.721387232961548e-13,2.22315871128407e-06,0.001953125
6940,7.689764280621019e-13,2.1505811960428897e-06,0.001953125
6941,7.658401215966043e-13,2.0823302591598217e-06,0.001953125
6942,7.627284529578352e-13,2.0181981412138995e-06,0.001953125
6943,7.596401908731182e-13,1.9579840010453036e-06,0.001953125
6944,7.565742127985502e-13,1.9014935772210657e-06,0.001953125
6945,7.535294949801854e-13,1.8485389022222933e-06,0.001953125
6946,7.505051034250842e-13,1.7989380679185343e-06,0.001953125
6947,7.475001856989264e-13,1.7525150398572763e-06,0.001953125
6948,7.445139634745155e-13,1.7090995168570176e-06,0.001953125
6949,7.440512515266305e-13,3.685529985286569e-06,0.00390625
6950,7.406170426141238e-13,3.5311371962073687e-06,0.001953125
6951,7.372448130897153e-13,3.3847055770347713e-06,0.001953125
6952,7.339298736698277e-13,3.2458814165916513e-06,0.001953125
6953,7.306679605433328e-13,3.114326981431617e-06,0.001953125
6954,7.274551964333879e-13,2.9897196136049406e-06,0.001953125
6955,7.24288055224108e-13,2.8717508614003613e-06,0.001953125
6956,7.211633298257048e-13,2.760125642918345e-06,0.001953125
6957,7.180781029816035e-13,2.6545614427699704e-06,0.001953125
6958,7.150297207481876e-13,2.554787542633759e-06,0.001953125
6959,7.120157684024901e-13,2.4605442868239758e-06,0.001953125
6960,7.090340485555427e-13,2.3715823844078433e-06,0.001953125
6961,7.060825612694506e-13,2.287662249732814e-06,0.001953125
6962,7.031594859947483e-13,2.2085533834634904e-06,0.001953125
6963,7.002631651613796e-13,2.1340337963558534e-06,0.001953125
6964,6.973920892719156e-13,2.0638894779905962e-06,0.001953125
6965,6.94544883359471e-13,1.997913912528338e-06,0.001953125
6966,6.917202946853782e-13,1.935907643224415e-06,0.001953125
6967,6.889171815631197e-13,1.8776778869462644e-06,0.001953125
6968,6.861345032054025e-13,1.8230381992793408e-06,0.001953125
6969,6.833713105007056e-13,1.7718081900076074e-06,0.001953125
6970,6.806267376342041e-13,1.7238132878438813e-06,0.001953125
6971,6.778999944757681e-13,1.6788845523067636e-06,0.001953125
6972,6.751903596648023e-13,1.6368585296465432e-06,0.001953125
6973,6.748836567793744e-13,3.5460193282720003e-06,0.00390625
6974,6.717575597977184e-13,3.3971117907667946e-06,0.001953125
6975,6.686887434305075e-13,3.2558687128781703e-06,0.001953125
6976,6.656728568345944e-13,3.1219494757957935e-06,0.001953125
6977,6.627059440121636e-13,2.9950288887788374e-06,0.001953125
6978,6.59784407675167e-13,2.8747963224544094e-06,0.001953125
6979,6.569049764180151e-13,2.760954873601955e-06,0.001953125
6980,6.540646748956453e-13,2.6532205611831508e-06,0.001953125
6981,6.512607967318184e-13,2.5513215537922394e-06,0.001953125
6982,6.484908799076804e-13,2.4549974291202754e-06,0.001953125
6983,6.457526844035174e-13,2.3639984664333733e-06,0.001953125
6984,6.430441718874165e-13,2.2780849734413307e-06,0.001953125
6985,6.403634872634342e-13,2.197026649257643e-06,0.001953125
6986,6.377089419090277e-13,2.120601985401473e-06,0.001953125
6987,6.350789984470947e-13,2.0485977069425263e-06,0.001953125
6988,6.324722569121231e-13,1.9808082559180805e-06,0.001953125
6989,6.298874421828153e-13,1.9170353190379402e-06,0.001953125
6990,6.27323392565242e-13,1.8570874014239765e-06,0.001953125
6991,6.247790494211853e-13,1.8007794477002524e-06,0.001953125
6992,6.222534477459878e-13,1.7479325111617313e-06,0.001953125
6993,6.197457076089738e-13,1.6983734710198461e-06,0.001953125
6994,6.172550263774732e-13,1.6519347968792626e-06,0.001953125
6995,6.147806716527079e-13,1.6084543586805562e-06,0.001953125
6996,6.123219748523672e-13,1.567775279395862e-06,0.001953125
6997,6.121486243354267e-13,3.411875961447573e-06,0.00390625
6998,6.093027879002493e-13,3.268262177449534e-06,0.001953125
6999,6.065098936474843e-13,3.132027229204467e-06,0.001953125
7000,6.037659047286487e-13,3.0028430960558533e-06,0.001953125
7001,6.010671507182058e-13,2.880396653551108e-06,0.001953125
7002,5.984102940788815e-13,2.7643888409044134e-06,0.001953125
7003,5.957922996971223e-13,2.654533858546637e-06,0.001953125
7004,5.93210407207619e-13,2.55055839543621e-06,0.001953125
7005,5.906621058515475e-13,2.4522008861977314e-06,0.001953125
7006,5.881451116365593e-13,2.3592107985538878e-06,0.001953125
7007,5.856573465877885e-13,2.271347951907659e-06,0.001953125
7008,5.831969198984407e-13,2.1883818682989933e-06,0.001953125
7009,5.807621108060491e-13,2.1100911572834625e-06,0.001953125
7010,5.783513530364078e-13,2.0362629365380033e-06,0.001953125
7011,5.75963220671662e-13,1.966692290167735e-06,0.001953125
7012,5.735964153121638e-13,1.9011817667457945e-06,0.001953125
7013,5.712497544136508e-13,1.8395409190454133e-06,0.001953125
7014,5.689221606921405e-13,1.7815858872052443e-06,0.001953125
7015,5.666126524987907e-13,1.727139026697584e-06,0.001953125
7016,5.64320335075921e-13,1.6760285819459822e-06,0.001953125
7017,5.620443926135249e-13,1.6280884057759284e-06,0.001953125
7018,5.597840810329833e-13,1.5831577241031749e-06,0.001953125
7019,5.575387214314049e-13,1.5410809444030196e-06,0.001953125
7020,5.553076941261092e-13,1.5017075056039196e-06,0.001953125
7021,5.552477343191683e-13,3.282888687776854e-06,0.00390625
7022,5.526568401812623e-13,3.144383665840156e-06,0.001953125
7023,5.501148821371397e-13,3.012982528776475e-06,0.001953125
7024,5.476181146547539e-13,2.8883693792223023e-06,0.001953125
7025,5.451631322486354e-13,2.770242701429429e-06,0.001953125
7026,5.427468383588866e-13,2.6583145615697874e-06,0.001953125
7027,5.403664170793456e-13,2.552309836812706e-06,0.001953125
7028,5.380193074740711e-13,2.451965472772621e-06,0.001953125
7029,5.3570318024518e-13,2.357029769296188e-06,0.001953125
7030,5.334159165367644e-13,2.267261694937016e-06,0.001953125
7031,5.311555886793262e-13,2.182430230841942e-06,0.001953125
7032,5.289204426970676e-13,2.102313745129664e-06,0.001953125
7033,5.267088824166441e-13,2.0266993991626905e-06,0.001953125
7034,5.245194550307633e-13,1.9553825873764236e-06,0.001953125
7035,5.22350837983432e-13,1.8881664125131466e-06,0.001953125
7036,5.202018270558538e-13,1.8248611981921636e-06,0.001953125
7037,5.180713255430527e-13,1.7652840407108038e-06,0.001953125
7038,5.159583344213649e-13,1.7092584017989876e-06,0.001953125
7039,5.138619434160819e-13,1.656613743733289e-06,0.001953125
7040,5.11781322886833e-13,1.6071852077540008e-06,0.001953125
7041,5.097157164558435e-13,1.5608133361294506e-06,0.001953125
7042,5.076644343110538e-13,1.5173438374952703e-06,0.001953125
7043,5.056268471223145e-13,1.476627394292561e-06,0.001953125
7044,5.036023805145317e-13,1.4385195102772613e-06,0.001953125
7045,5.015905100467684e-13,1.402880395219718e-06,0.001953125
7046,5.012792831952349e-13,3.0252799125180323e-06,0.00390625
7047,4.989655512520666e-13,2.898544164625262e-06,0.001953125
7048,4.966935806122408e-13,2.778343395106897e-06,0.001953125
7049,4.944602115904228e-13,2.664387257380789e-06,0.001953125
7050,4.922625711891568e-13,2.556398520532285e-06,0.001953125
7051,4.900980468619138e-13,2.4541123287193865e-06,0.001953125
7052,4.879642626781645e-13,2.3572754876449186e-06,0.001953125
7053,4.858590576705665e-13,2.2656457779766547e-06,0.001953125
7054,4.837804661644847e-13,2.178991295956261e-06,0.001953125
7055,4.817266999083623e-13,2.0970898217976323e-06,0.001953125
7056,4.796961318400624e-13,2.0197282168208967e-06,0.001953125
7057,4.776872813394093e-13,1.9467018505835782e-06,0.001953125
7058,4.756988008308612e-13,1.8778140595361845e-06,0.001953125
7059,4.737294636127055e-13,1.8128756389253252e-06,0.001953125
7060,4.717781528004869e-13,1.7517043697727308e-06,0.001953125
7061,4.698438512826566e-13,1.6941245827539369e-06,0.001953125
7062,4.679256325957726e-13,1.6399667606700487e-06,0.001953125
7063,4.660226526350597e-13,1.5890671809394088e-06,0.001953125
7064,4.641341421238562e-13,1.541267599130166e-06,0.001953125
7065,4.622593997724635e-13,1.4964149740155997e-06,0.001953125
7066,4.60397786063285e-13,1.4543612339776832e-06,0.001953125
7067,4.585487176049156e-13,1.4149630838369099e-06,0.001953125
7068,4.567116620030929e-13,1.3780818503832782e-06,0.001953125
7069,4.548861332011888e-13,1.3435833640671629e-06,0.001953125
7070,4.5467997538623344e-13,2.910762568101823e-06,0.00390625
7071,4.525738269687347e-13,2.7885294930156585e-06,0.001953125
7072,4.5050627387042544e-13,2.6725878398643138e-06,0.001953125
7073,4.484743844503694e-13,2.5626580089859215e-06,0.001953125
7074,4.46475493118631e-13,2.4584730651788903e-06,0.001953125
7075,4.4450717598774425e-13,2.3597780262739334e-06,0.001953125
7076,4.4256722875332094e-13,2.2663291775503165e-06,0.001953125
7077,4.4065364659971403e-13,2.1778934117984284e-06,0.001953125
7078,4.3876460594533664e-13,2.0942475951717264e-06,0.001953125
7079,4.368984478592118e-13,2.015177959314675e-06,0.001953125
7080,4.350536629957475e-13,1.9404795205870312e-06,0.001953125
7081,4.3322887790873894e-13,1.8699555275137742e-06,0.001953125
7082,4.3142284261832617e-13,1.8034169378564919e-06,0.001953125
7083,4.2963441931619623e-13,1.7406819269069883e-06,0.001953125
7084,4.278625721048203e-13,1.6815754287274653e-06,0.001953125
7085,4.261063576760571e-13,1.6259287120849974e-06,0.001953125
7086,4.2436491684312113e-13,1.5735789927350913e-06,0.001953125
7087,4.2263746684778803e-13,1.5243690834884286e-06,0.001953125
7088,4.2092329437186293e-13,1.4781470831416058e-06,0.001953125
7089,4.192217491884329e-13,1.4347661048702453e-06,0.001953125
7090,4.175322383943314e-13,1.3940840440840704e-06,0.001953125
7091,4.158542211706029e-13,1.3559633850509362e-06,0.001953125
7092,4.1418720402262655e-13,1.3202710448420694e-06,0.001953125
7093,4.1253073645598753e-13,1.2868782523729285e-06,0.001953125
7094,4.124143861546437e-13,2.8006509398057017e-06,0.00390625
7095,4.104970570853113e-13,2.682763341763849e-06,0.001953125
7096,4.0861540014375853e-13,2.5709327095821676e-06,0.001953125
7097,4.0676669526166444e-13,2.464889784846121e-06,0.001953125
7098,4.049484692704026e-13,2.3643775370026655e-06,0.001953125
7099,4.031584733050112e-13,2.2691504799761176e-06,0.001953125
7100,4.0139466227685847e-13,2.17897401348012e-06,0.001953125
7101,3.9965517622561063e-13,2.093623788757555e-06,0.001953125
7102,3.979383233784445e-13,2.0128850988026867e-06,0.001953125
7103,3.962425647602048e-13,1.9365522934471977e-06,0.001953125
7104,3.9456650021251055e-13,1.8644282200130312e-06,0.001953125
7105,3.929088556928199e-13,1.7963236905364101e-06,0.001953125
7106,3.912684717362673e-13,1.7320569768328613e-06,0.001953125
7107,3.896442929738206e-13,1.6714533348845897e-06,0.001953125
7108,3.8803535861004744e-13,1.6143445601703125e-06,0.001953125
7109,3.8644079377263707e-13,1.5605685756053755e-06,0.001953125
7110,3.848598016538659e-13,1.5099690537004537e-06,0.001953125
7111,3.83291656371502e-13,1.4623950743682345e-06,0.001953125
7112,3.8173569648328306e-13,1.4177008195028488e-06,0.001953125
7113,3.8019131909513e-13,1.3757453050275999e-06,0.001953125
7114,3.786579745087395e-13,1.3363921505626818e-06,0.001953125
7115,3.771351613591735e-13,1.2995093862251938e-06,0.001953125
7116,3.75622422197585e-13,1.2649692953669297e-06,0.001953125
7117,3.7411933947832683e-13,1.2326482913167647e-06,0.001953125
7118,3.740793506643565e-13,2.6947716688006746e-06,0.00390625
7119,3.7233378339730246e-13,2.5810776932040774e-06,0.001953125
7120,3.70621188994728e-13,2.473214988379701e-06,0.001953125
7121,3.689390436801284e-13,2.370924247372325e-06,0.001953125
7122,3.6728505280401385e-13,2.273957968672052e-06,0.001953125
7123,3.6565712987424283e-13,2.1820797997884872e-06,0.001953125
7124,3.64053377506156e-13,2.0950639044420275e-06,0.001953125
7125,3.6247207011674885e-13,2.012694353041862e-06,0.001953125
7126,3.6091163820321026e-13,1.934764536424741e-06,0.001953125
7127,3.593706540607753e-13,1.8610766031398382e-06,0.001953125
7128,3.578478188081182e-13,1.7914409208734298e-06,0.001953125
7129,3.563419506005778e-13,1.7256755629001118e-06,0.001953125
7130,3.5485197392246515e-13,1.6636058207100654e-06,0.001953125
7131,3.5337690985966154e-13,1.6050637441777622e-06,0.001953125
7132,3.519158672627575e-13,1.5498877107885714e-06,0.001953125
7133,3.5046803471920346e-13,1.4979220255084096e-06,0.001953125
7134,3.4903267326040187e-13,1.449016552851739e-06,0.001953125
7135,3.4760910973645885e-13,1.4030263825622068e-06,0.001953125
7136,3.4619673079746557e-13,1.3598115300604117e-06,0.001953125
7137,3.447949774257831e-13,1.3192366724338959e-06,0.001953125
7138,3.434033399688829e-13,1.2811709202527602e-06,0.001953125
7139,3.4202135362691694e-13,1.2454876249062848e-06,0.001953125
7140,3.406485943533854e-13,1.212064220496303e-06,0.001953125
7141,3.3928467513108224e-13,1.1807820986240859e-06,0.001953125
7142,3.3792924258895994e-13,1.1515265137070735e-06,0.001953125
7143,3.377199074470352e-13,2.4833113811345327e-06,0.00390625
7144,3.361610752222758e-13,2.3792783503484205e-06,0.001953125
7145,3.346303814886433e-13,2.280609599292631e-06,0.001953125
7146,3.3312569721912284e-13,2.187066794707392e-06,0.001953125
7147,3.3164508656005347e-13,2.098422369613593e-06,0.001953125
7148,3.301867891523882e-13,2.0144589153987807e-06,0.001953125
7149,3.287492040714651e-13,1.9349685961201187e-06,0.001953125
7150,3.2733087523710996e-13,1.8597525849261212e-06,0.001953125
7151,3.2593047815945687e-13,1.7886205227944189e-06,0.001953125
7152,3.245468078981998e-13,1.7213900000780563e-06,0.001953125
7153,3.231787681241805e-13,1.6578860616365923e-06,0.001953125
7154,3.2182536118239287e-13,1.5979407365870795e-06,0.001953125
7155,3.204856790647195e-13,1.5413925939281892e-06,0.001953125
7156,3.191588952091139e-13,1.4880863254516245e-06,0.001953125
7157,3.178442570495637e-13,1.4378723574414691e-06,0.001953125
7158,3.165410792480996e-13,1.3906064926585062e-06,0.001953125
7159,3.152487375464068e-13,1.3461495839997018e-06,0.001953125
7160,3.1396666318031316e-13,1.3043672410044217e-06,0.001953125
7161,3.126943378056201e-13,1.2651295700460043e-06,0.001953125
7162,3.1143128888846295e-13,1.2283109486049626e-06,0.001953125
7163,3.101770855176711e-13,1.1937898334814586e-06,0.001953125
7164,3.0893133460049294e-13,1.1614486021912828e-06,0.001953125
7165,3.0769367740658746e-13,1.1311734261304056e-06,0.001953125
7166,3.0646378642839817e-13,1.102854173423245e-06,0.001953125
7167,3.0632521320494396e-13,2.389309801103976e-06,0.00390625
7168,3.0490623574045876e-13,2.2889728746993427e-06,0.001953125
7169,3.035132635603468e-13,2.19380030324571e-06,0.001953125
7170,3.0214432129608973e-13,2.1035625751347e-06,0.001953125
7171,3.007976128471744e-13,2.01804057465054e-06,0.001953125
7172,2.9947150497479127e-13,1.937024997997699e-06,0.001953125
7173,2.9816451239755193e-13,1.8603157905419153e-06,0.001953125
7174,2.9687528425170914e-13,1.7877216051017225e-06,0.001953125
7175,2.956025917909576e-13,1.7190592814074914e-06,0.001953125
7176,2.943453172123273e-13,1.6541533471269436e-06,0.001953125
7177,2.93102443505074e-13,1.592835541130097e-06,0.001953125
7178,2.9187304522890663e-13,1.534944359920182e-06,0.001953125
7179,2.9065628013647067e-13,1.4803246283759266e-06,0.001953125
7180,2.8945138156279224e-13,1.4288270961188919e-06,0.001953125
7181,2.882576515114663e-13,1.380308060921117e-06,0.001953125
7182,2.8707445437379953e-13,1.3346290205876324e-06,0.001953125
7183,2.859012112229599e-13,1.2916563546722989e-06,0.001953125
7184,2.8473739463048965e-13,1.2512610372044327e-06,0.001953125
7185,2.8358252395735715e-13,1.213318381313881e-06,0.001953125
7186,2.8243616107610335e-13,1.1777078162463783e-06,0.001953125
7187,2.8129790648461433e-13,1.1443126967696672e-06,0.001953125
7188,2.801673957756661e-13,1.1130201444024889e-06,0.001953125
7189,2.790442964296694e-13,1.083720919279104e-06,0.001953125
7190,2.779283049010254e-13,1.056309320823567e-06,0.001953125
7191,2.778502134523054e-13,2.2989246334305642e-06,0.00390625
7192,2.7655844885017997e-13,2.202154773511394e-06,0.001953125
7193,2.7529071991575854e-13,2.1103568138574033e-06,0.001953125
7194,2.740451938401801e-13,2.023309731516424e-06,0.001953125
7195,2.7282020417823403e-13,1.940802541032885e-06,0.001953125
7196,2.7161423562291324e-13,1.8626337334952276e-06,0.001953125
7197,2.704259101738767e-13,1.788610735854396e-06,0.001953125
7198,2.692539745722048e-13,1.7185493902929046e-06,0.001953125
7199,2.680972888855161e-13,1.6522734536886208e-06,0.001953125
7200,2.6695481613812596e-13,1.5896141174861256e-06,0.001953125
7201,2.6582561289057105e-13,1.5304095485522031e-06,0.001953125
7202,2.647088206815826e-13,1.4745044518394865e-06,0.001953125
7203,2.636036582535495e-13,1.4217496559002259e-06,0.001953125
7204,2.625094144897395e-13,1.3720017224658423e-06,0.001953125
7205,2.6142544199811676e-13,1.325122581421934e-06,0.001953125
7206,2.603511512825566e-13,1.280979192547678e-06,0.001953125
7207,2.592860054476811e-13,1.2394432353398747e-06,0.001953125
7208,2.5822951538845994e-13,1.2003908280951918e-06,0.001953125
7209,2.5718123542019625e-13,1.1637022771742674e-06,0.001953125
7210,2.5614075930857785e-13,1.1292618570192064e-06,0.001953125
7211,2.551077166631677e-13,1.0969576210497246e-06,0.001953125
7212,2.540817696610599e-13,1.0666812430385007e-06,0.001953125
7213,2.5306261007047237e-13,1.038327887986193e-06,0.001953125
7214,2.5204995654681874e-13,1.0117961109103062e-06,0.001953125
7215,2.520232897290567e-13,2.2120135783729203e-06,0.00390625
7216,2.5084724588847864e-13,2.1186861315039824e-06,0.001953125
7217,2.496934189784119e-13,2.030145321726204e-06,0.001953125
7218,2.485601084533085e-13,1.9461782947873408e-06,0.001953125
7219,2.4744576815584976e-13,1.8665818871782302e-06,0.001953125
7220,2.4634899218736063e-13,1.7911620873088948e-06,0.001953125
7221,2.452685020718057e-13,1.7197335160701547e-06,0.001953125
7222,2.442031350949371e-13,1.652118926509186e-06,0.001953125
7223,2.431518337110059e-13,1.5881487225973274e-06,0.001953125
7224,2.4211363591929773e-13,1.5276604973239483e-06,0.001953125
7225,2.41087666521704e-13,1.4704985906033199e-06,0.001953125
7226,2.400731291806668e-13,1.4165136677219512e-06,0.001953125
7227,2.3906929920422106e-13,1.365562319269609e-06,0.001953125
7228,2.380755169915667e-13,1.3175066836744892e-06,0.001953125
7229,2.370911820786976e-13,1.2722140935871188e-06,0.001953125
7230,2.361157477291499e-13,1.229556747414031e-06,0.001953125
7231,2.3514871601996347e-13,1.1894114072779244e-06,0.001953125
7232,2.341896333775178e-13,1.1516591245653986e-06,0.001953125
7233,2.3323808652205565e-13,1.1161849940102768e-06,0.001953125
7234,2.322936987834772e-13,1.0828779369492673e-06,0.001953125
7235,2.313561267544156e-13,1.0516305139832584e-06,0.001953125
7236,2.30425057249713e-13,1.022338766795014e-06,0.001953125
7237,2.295002045442465e-13,9.949020883326753e-07,0.001953125
